here is the raw text just like we did for KenPom: 1
Michigan 🔥
21.3
18.9
40.2
0.03
0.03
1
3
72.2
19
1
112
1
1.19
0.10
1.10
37
3
29
2
2
Duke 🔥🤕
20.2
19.9
40.1
0.03
-0.05
3
1
67.1
271
2
290
2
1.10
0.19
0.90
34
6
29
2
3
Arizona 🔒
17.4
19.0
36.4
0.03
-0.05
6
2
71.8
24
3
30
6
1.03
0.03
1.00
32
1
29
2
4
Florida 🔥
18.5
17.5
36.0
0.03
0.03
5
4
71.8
23
4
289
3
0.97
0.10
0.87
30
3
25
6
5
Houston
14.6
16.7
31.2
-0.05
-0.05
13
5
65.0
356
5
34
7
1.13
0.35
0.77
35
11
26
5
6
Connecticut
16.8
14.0
30.8
0.03
-0.05
8
9
65.8
331
6
211
8
0.58
0.19
0.39
18
6
27
4
7
Illinois
20.1
10.1
30.2
-0.05
-0.05
4
19
67.0
280
7
215
5
1.10
0.19
0.90
34
6
24
7
8
Purdue
20.7
7.3
28.0
-0.05
0.03
2
36
65.9
328
8
285
4
0.90
0.48
0.42
28
15
23
8
9
Michigan State
13.2
13.6
26.8
0.03
-0.05
20
12
67.2
269
9
71
16
0.68
0.19
0.48
21
6
25
6
10
Gonzaga 📉🤕
11.6
14.6
26.2
-0.05
0.03
30
7
70.8
59
11
88
12
1.13
0.38
0.75
36
12
29
3
11
Iowa State 📉
11.7
14.3
26.0
-0.05
0.03
27
8
68.5
184
10
32
10
1.29
0.48
0.81
40
15
25
6
12
St. John's
10.4
13.9
24.3
-0.05
0.03
36
10
70.9
49
12
91
15
0.68
0.19
0.48
21
6
25
6
13
Arkansas 🤕
17.3
6.9
24.2
-0.05
0.03
7
41
71.6
29
23
29
11
0.84
0.29
0.55
26
9
23
8
14
Tennessee 🤕
11.7
12.5
24.1
-0.05
-0.05
29
14
66.4
301
15
43
20
0.61
0.13
0.48
19
4
21
10
15
Nebraska
9.3
14.8
24.1
0.03
-0.05
48
6
68.0
218
13
170
31
0.94
0.29
0.65
29
9
26
5
16
Kansas 📉
10.0
13.7
23.7
0.03
-0.05
40
11
68.6
175
14
5
17
0.52
0.42
0.10
16
13
22
9
17
Vanderbilt
14.8
7.9
22.7
-0.05
0.03
11
31
70.4
77
16
121
14
0.77
0.19
0.58
24
6
24
7
18
Louisville 📉
13.4
9.1
22.5
-0.05
0.03
18
26
71.3
33
19
39
9
1.03
0.32
0.71
32
10
22
9
19
Alabama 🔒
16.7
5.5
22.2
-0.05
0.03
9
59
74.3
3
17
186
13
0.45
0.42
0.03
14
13
23
8
20
Virginia
11.3
10.7
22.1
0.03
0.03
31
17
66.9
284
18
94
24
1.00
0.23
0.77
31
7
27
4
21
Wisconsin 🔥🤕
15.2
5.9
21.0
0.03
-0.05
10
50
69.4
135
32
74
34
0.81
0.29
0.52
25
9
22
9
22
Texas Tech 🤕
13.3
7.2
20.5
0.03
0.03
19
39
67.5
248
20
100
32
0.81
0.35
0.45
25
11
22
9
23
Saint Mary's
9.8
10.6
20.3
-0.05
-0.05
44
18
66.1
321
21
21
44
0.74
0.13
0.61
23
4
26
5
24
Ohio State 🔒
14.5
5.8
20.3
-0.05
-0.05
14
52
67.7
237
25
149
18
0.55
0.35
0.19
17
11
20
11
25
Kentucky
11.1
9.0
20.0
-0.05
-0.05
34
27
69.7
114
26
31
19
0.65
0.39
0.26
20
12
19
12
26
UCLA
12.7
7.3
20.0
-0.05
-0.05
22
38
66.0
324
22
18
22
0.58
0.48
0.10
18
15
21
10
27
Iowa 📉
11.9
7.9
19.8
-0.05
-0.05
26
30
64.8
358
24
60
26
0.71
0.48
0.23
22
15
20
11
28
Cincinnati 🔥
5.7
13.5
19.2
0.03
0.03
74
13
68.4
192
27
46
29
0.81
0.45
0.35
25
14
17
14
29
Miami (Fla.)
11.7
7.4
19.1
-0.05
0.03
28
35
69.0
158
28
268
23
0.74
0.23
0.52
23
7
24
7
30
Georgia
14.0
5.0
19.0
-0.05
0.03
16
65
72.3
16
29
120
28
0.97
0.45
0.52
30
14
22
9
31
Saint Louis 🥶💥
10.7
7.6
18.3
0.03
0.03
35
34
72.1
22
30
6
48
1.27
0.20
1.07
38
6
26
4
32
Texas
14.3
3.2
17.6
-0.05
-0.05
15
98
67.9
231
31
256
30
0.40
0.30
0.10
12
9
17
13
33
Clemson 🔒
6.3
11.0
17.2
-0.05
0.03
67
16
65.7
336
33
280
45
0.68
0.26
0.42
21
8
22
9
34
Santa Clara
12.6
4.5
17.1
-0.05
-0.05
24
71
70.5
70
34
225
56
0.69
0.38
0.31
22
12
25
7
35
Texas A&M
10.0
6.9
16.9
-0.05
0.03
39
42
72.2
20
35
274
41
0.90
0.42
0.48
28
13
21
10
36
Utah State 🥶💥
12.6
3.8
16.5
0.03
-0.05
23
81
68.5
188
36
48
42
0.67
0.23
0.43
20
7
24
6
37
Auburn
14.6
1.7
16.2
-0.05
0.03
12
133
68.5
187
37
49
27
0.45
0.42
0.03
14
13
16
15
38
NC State 🥶
11.2
5.0
16.2
-0.05
-0.05
32
63
70.2
92
38
76
25
0.87
0.48
0.39
27
15
19
12
39
TCU
6.1
9.9
16.0
0.03
0.03
70
21
68.9
163
39
117
43
0.55
0.29
0.26
17
9
21
10
40
Oklahoma
13.5
2.3
15.8
0.03
-0.05
17
114
67.7
236
40
52
35
0.52
0.35
0.16
16
11
17
14
41
Indiana 📉
11.1
4.6
15.8
-0.05
0.03
33
68
67.3
259
41
28
38
0.45
0.35
0.10
14
11
18
13
42
SMU 🤕
12.2
3.5
15.7
-0.05
0.03
25
89
70.4
74
56
37
33
0.71
0.32
0.39
22
10
19
12
43
Villanova 🔒🤕
7.7
7.8
15.5
-0.05
-0.05
56
33
66.6
293
42
207
49
0.52
0.42
0.10
16
13
24
7
44
VCU
9.4
6.0
15.4
0.03
0.03
46
49
70.2
86
45
148
54
0.55
0.45
0.10
17
14
24
7
45
South Florida
8.3
6.7
15.0
-0.05
-0.05
52
43
72.5
14
43
227
47
0.73
0.37
0.37
22
11
22
8
46
BYU 🥶🤕
9.4
5.6
15.0
-0.05
-0.05
47
56
70.9
53
44
15
21
0.47
0.40
0.07
14
12
21
10
47
Baylor 🤕
13.0
1.9
14.9
-0.05
-0.05
21
128
68.7
170
47
87
37
0.60
0.40
0.20
18
12
15
15
48
North Carolina 🥶🤕
7.8
6.9
14.7
-0.05
0.03
54
40
69.1
153
46
11
40
0.65
0.29
0.35
20
9
24
7
49
Missouri
9.9
4.3
14.2
-0.05
0.03
41
77
67.6
243
48
203
36
0.55
0.35
0.19
17
11
20
11
50
San Diego State
3.8
10.0
13.9
-0.05
-0.05
98
20
69.6
122
49
157
50
0.70
0.33
0.37
19
9
19
10
51
Virginia Tech 🔒
8.0
5.2
13.3
0.03
0.03
53
61
67.9
227
50
189
57
0.65
0.35
0.29
20
11
19
12
52
West Virginia
3.1
9.8
12.9
-0.05
0.03
110
22
64.4
362
51
19
53
0.74
0.42
0.32
23
13
18
13
53
Washington 🤕
6.8
5.9
12.7
-0.05
0.03
61
51
68.2
208
54
214
39
0.65
0.32
0.32
20
10
15
16
54
Seton Hall
1.2
11.4
12.6
0.03
0.03
144
15
66.3
307
52
316
70
0.57
0.23
0.33
17
7
20
11
55
Grand Canyon
3.0
9.5
12.5
0.03
0.03
114
23
68.9
159
53
272
80
0.67
0.37
0.30
20
11
20
11
56
Boise State
8.8
3.5
12.3
-0.05
0.03
51
90
66.4
302
55
249
76
0.54
0.57
-0.04
15
16
19
10
57
New Mexico 🤕
6.1
6.1
12.2
0.03
-0.05
72
47
70.7
61
62
266
90
0.70
0.17
0.53
21
5
21
9
58
Tulsa
10.2
1.9
12.0
-0.05
-0.05
37
129
69.4
130
58
271
78
0.93
0.24
0.69
27
7
23
6
59
Yale 👠
9.5
2.2
11.6
0.03
0.03
45
120
66.5
296
57
180
79
0.58
0.15
0.42
15
4
21
5
60
UCF
9.9
1.6
11.5
0.03
0.03
42
135
70.6
64
59
107
61
0.53
0.60
-0.07
16
18
20
10
61
Akron 👠
9.0
2.4
11.4
-0.05
-0.05
49
110
71.7
27
60
252
72
0.79
0.17
0.62
23
5
24
5
62
Northern Iowa 🔥👠
2.0
9.1
11.1
0.03
0.03
128
25
64.2
364
61
325
96
0.47
0.26
0.21
16
9
22
12
63
Creighton 🤕
7.1
3.9
11.0
-0.05
0.03
58
80
68.4
194
69
336
51
0.55
0.52
0.03
17
16
15
16
64
Belmont 👠
9.9
0.8
10.7
0.03
-0.05
43
150
70.4
79
63
295
84
1.00
0.48
0.52
31
15
25
6
65
Dayton 🔒
2.2
8.1
10.3
0.03
-0.05
126
29
68.6
177
64
44
69
0.42
0.58
-0.16
13
18
21
10
66
McNeese State 🔒👠
4.2
6.0
10.2
-0.05
0.03
92
48
67.8
232
65
104
59
0.86
0.31
0.55
25
9
24
5
67
Stanford
6.4
3.7
10.2
0.03
0.03
64
82
68.2
201
66
142
77
0.39
0.45
-0.06
12
14
20
11
68
Northwestern 🤕
6.2
3.9
10.1
-0.05
0.03
68
79
66.3
305
73
140
67
0.55
0.45
0.10
17
14
13
18
69
George Washington
7.8
2.4
10.1
0.03
0.03
55
111
70.4
72
67
127
62
0.67
0.33
0.33
20
10
16
14
70
Marquette 🔥
2.3
7.8
10.1
0.03
-0.05
123
32
70.3
80
68
196
65
0.55
0.48
0.06
17
15
12
19
71
Providence
10.2
-0.3
9.8
0.03
-0.05
38
177
71.7
25
71
232
58
0.55
0.39
0.16
17
12
14
17
72
Hofstra 🔥👠
4.3
5.5
9.8
0.03
-0.05
91
58
66.0
325
70
163
124
0.42
0.32
0.10
13
10
21
10
73
Florida State 💥
6.4
3.1
9.5
-0.05
-0.05
65
102
71.3
31
72
307
74
0.68
0.61
0.06
21
19
17
14
74
California
3.0
6.2
9.2
-0.05
0.03
113
44
69.2
146
74
299
85
0.73
0.57
0.17
22
17
20
10
75
Syracuse 📉
5.5
3.7
9.2
-0.05
0.03
77
84
68.9
165
75
153
55
0.55
0.42
0.13
17
13
15
16
76
Colorado 🤕
7.1
2.0
9.1
-0.05
0.03
57
122
69.7
118
84
16
86
0.45
0.45
0.00
14
14
17
14
77
Stephen F. Austin 👠
4.7
4.3
9.1
0.03
-0.05
85
75
67.0
283
76
343
115
0.48
0.14
0.34
14
4
25
4
78
Miami (OH) 👠
6.9
2.2
9.1
0.03
0.03
59
119
71.1
45
77
236
92
0.68
0.29
0.39
19
8
28
0
79
Ole Miss
4.6
4.4
9.0
-0.05
-0.05
86
73
67.3
258
78
348
64
0.29
0.26
0.03
9
8
12
19
80
Minnesota 🤕
4.6
4.4
8.9
0.03
0.03
87
74
64.2
363
87
61
60
0.65
0.48
0.16
20
15
15
16
81
LSU 🥶🤕
6.7
2.3
8.9
-0.05
-0.05
63
115
67.9
229
79
344
63
0.60
0.20
0.40
18
6
15
16
82
Utah Valley 👠
3.4
5.0
8.4
0.03
-0.05
105
64
70.1
97
80
25
103
0.68
0.04
0.64
19
1
21
7
83
High Point 👠
6.7
1.7
8.4
-0.05
-0.05
62
134
70.5
69
81
54
83
1.00
0.23
0.77
31
7
27
4
84
Wake Forest 🤕
5.4
2.9
8.3
-0.05
0.03
79
104
69.3
137
82
174
73
0.45
0.45
0.00
14
14
16
15
85
Wichita State
2.4
5.8
8.2
0.03
0.03
121
53
68.3
197
83
73
104
0.73
0.30
0.43
22
9
20
10
86
Arizona State
4.4
3.7
8.1
0.03
-0.05
89
83
70.3
85
86
63
71
0.58
0.42
0.16
18
13
16
15
87
Nevada
3.4
4.3
7.7
0.03
-0.05
107
76
67.3
267
85
13
101
0.45
0.26
0.19
14
8
20
11
88
Mississippi State
5.2
2.2
7.4
-0.05
-0.05
80
118
70.6
65
88
304
52
0.35
0.48
-0.13
11
15
13
18
89
Kansas State 📉
3.4
3.6
7.0
-0.05
0.03
104
86
72.8
11
89
339
75
0.42
0.71
-0.29
13
22
12
19
90
George Mason
4.2
2.8
7.0
0.03
-0.05
93
106
64.8
357
90
9
109
0.50
0.40
0.10
15
12
22
8
91
Oklahoma State 🤕
5.7
1.1
6.8
0.03
0.03
75
141
72.9
10
91
79
68
0.61
0.48
0.13
19
15
18
13
92
Xavier 🤕
6.3
0.3
6.6
-0.05
0.03
66
162
71.2
37
106
103
89
0.55
0.61
-0.06
17
19
14
17
93
Illinois State 💥
2.0
4.6
6.6
-0.05
0.03
129
69
68.1
216
92
1
99
0.55
0.39
0.16
17
12
19
12
94
Notre Dame 📉🤕
4.9
1.7
6.6
-0.05
-0.05
82
132
67.6
242
99
244
82
0.45
0.48
-0.03
14
15
13
18
95
Oregon 🤕
1.7
4.8
6.5
-0.05
0.03
134
67
67.4
257
93
125
46
0.26
0.42
-0.16
8
13
12
19
96
Butler 📉🤕
5.1
1.3
6.4
-0.05
0.03
81
137
69.7
115
94
263
91
0.48
0.35
0.13
15
11
16
15
97
DePaul 🤕
0.1
6.2
6.2
-0.05
-0.05
169
46
67.3
266
98
341
87
0.39
0.42
-0.03
12
13
16
15
98
South Carolina
2.6
2.8
5.5
-0.05
0.03
120
105
67.3
261
95
281
97
0.35
0.48
-0.13
11
15
13
18
99
UNC Wilmington 👠
3.0
2.5
5.5
0.03
-0.05
115
109
66.3
304
96
288
111
0.53
0.43
0.10
16
13
24
6
100
Colorado State
6.1
-0.7
5.4
-0.05
0.03
69
185
65.3
348
104
109
102
0.37
0.30
0.07
11
9
19
11
101
Illinois-Chicago
0.9
4.6
5.4
0.03
0.03
154
70
68.0
225
97
270
123
0.56
0.31
0.25
18
10
17
15
102
UC Irvine 👠
-4.2
9.3
5.1
-0.05
0.03
260
24
69.8
107
100
228
137
0.50
0.23
0.27
15
7
20
10
103
St. Thomas (MN) 👠
4.9
0.2
5.1
-0.05
-0.05
83
163
69.4
132
101
213
121
0.73
0.23
0.50
22
7
21
9
104
Pittsburgh 🤕
1.7
3.2
4.9
-0.05
0.03
133
100
65.3
347
102
334
81
0.58
0.61
-0.03
18
19
12
19
105
Troy 👠
2.8
2.0
4.9
0.03
0.03
116
121
66.9
286
103
111
131
0.52
0.32
0.19
16
10
20
11
106
USC 🥶🤕
1.1
3.6
4.7
-0.05
-0.05
146
85
71.0
48
107
317
66
0.43
0.47
-0.03
13
14
17
13
107
Bradley
2.7
1.9
4.7
0.03
0.03
117
126
68.5
183
105
24
114
0.56
0.34
0.22
18
11
20
12
108
Sam Houston State 👠
4.8
-0.1
4.7
0.03
-0.05
84
170
71.0
46
115
89
127
0.43
0.36
0.07
12
10
18
10
109
UAB
1.2
3.4
4.6
0.03
-0.05
145
93
70.4
76
113
359
116
0.50
0.30
0.20
15
9
19
11
110
Saint Joseph's 📈
-1.2
5.7
4.5
0.03
-0.05
195
55
69.2
151
108
226
106
0.45
0.45
0.00
13
13
19
10
111
UNLV 🔥💥
5.5
-1.1
4.4
0.03
-0.05
76
195
70.9
51
110
319
110
0.34
0.52
-0.17
10
15
15
15
112
Liberty 🥶
6.9
-2.4
4.4
-0.05
-0.05
60
230
65.6
341
109
309
94
0.64
0.50
0.14
18
14
22
6
113
Davidson 🤕
1.0
3.2
4.2
-0.05
-0.05
150
97
65.4
345
119
353
139
0.52
0.55
-0.03
15
16
17
12
114
Georgetown 🤕
3.5
0.7
4.2
0.03
-0.05
102
151
67.8
234
111
337
93
0.48
0.35
0.13
15
11
14
17
115
North Dakota State
2.7
1.4
4.2
-0.05
0.03
118
136
67.5
251
112
185
148
0.68
0.35
0.32
21
11
24
7
116
San Francisco
3.7
0.4
4.1
-0.05
0.03
99
160
67.6
245
114
365
88
0.38
0.38
0.00
12
12
16
16
117
Rutgers
1.8
1.9
3.7
-0.05
0.03
131
125
68.2
210
118
238
117
0.42
0.58
-0.16
13
18
13
18
118
Memphis 🥶
0.1
3.4
3.5
0.03
0.03
170
91
70.8
56
124
12
95
0.29
0.52
-0.23
9
16
13
18
119
Southern Illinois
-4.0
7.3
3.3
0.03
-0.05
257
37
69.9
105
116
296
134
0.77
0.45
0.32
24
14
15
16
120
Seattle
-5.5
8.7
3.3
0.03
0.03
283
28
68.5
185
117
156
153
0.42
0.42
0.00
13
13
18
13
121
Wyoming 📉
4.1
-0.9
3.2
0.03
0.03
95
187
67.3
263
120
40
122
0.37
0.53
-0.17
11
16
17
13
122
California Baptist
-1.8
4.9
3.2
-0.05
0.03
206
66
67.3
265
121
99
205
0.50
0.27
0.23
15
8
23
8
123
Florida Atlantic 🤕
0.7
2.3
3.1
0.03
0.03
157
113
70.9
55
131
14
130
0.55
0.45
0.10
16
13
15
14
124
Murray State 🥶
5.4
-2.3
3.0
-0.05
0.03
78
226
72.3
17
122
176
118
0.66
0.47
0.19
21
15
20
12
125
UC San Diego
-1.5
4.5
3.0
0.03
0.03
199
72
68.6
179
123
333
163
0.47
0.33
0.13
14
10
20
10
126
Duquesne
1.5
1.2
2.8
-0.05
-0.05
140
139
69.8
108
125
305
105
0.48
0.45
0.03
14
13
15
14
127
Maryland 🤕
1.6
1.1
2.8
-0.05
-0.05
138
140
67.8
233
130
123
98
0.32
0.74
-0.42
10
23
11
20
128
UC Santa Barbara
3.7
-1.1
2.6
0.03
-0.05
100
196
65.8
332
135
56
107
0.45
0.38
0.07
13
11
16
13
129
Navy 📈
-0.7
3.2
2.6
-0.05
-0.05
185
99
66.8
291
126
209
145
0.81
0.29
0.52
25
9
24
7
130
Harvard
-1.0
3.4
2.4
0.03
-0.05
190
92
65.0
355
127
355
135
0.56
0.41
0.15
15
11
16
11
131
Pacific
0.7
1.8
2.4
-0.05
-0.05
160
131
65.9
326
128
220
119
0.48
0.29
0.19
15
9
16
15
132
Winthrop
2.3
0.1
2.4
0.03
0.03
124
166
71.6
28
129
284
159
0.65
0.52
0.13
20
16
20
11
133
Towson
-1.9
4.1
2.2
-0.05
-0.05
211
78
65.2
349
132
81
138
0.59
0.44
0.16
19
14
17
15
134
Texas-Rio Grande Valley
1.6
0.4
2.0
0.03
0.03
139
157
68.2
203
133
357
174
0.43
0.63
-0.20
13
19
17
13
135
Hawaii 🥶🤕
-1.3
3.3
2.0
-0.05
-0.05
196
96
70.1
96
134
237
132
0.62
0.31
0.31
16
8
20
8
136
North Texas
-4.2
6.2
1.9
0.03
-0.05
262
45
66.1
313
136
239
133
0.48
0.41
0.07
14
12
16
13
137
Montana State
2.1
-0.2
1.9
0.03
-0.05
127
171
66.9
285
137
70
176
0.59
0.34
0.24
17
10
15
14
138
Temple
3.4
-1.5
1.9
0.03
0.03
103
205
66.4
298
138
217
128
0.53
0.37
0.17
16
11
15
15
139
East Tennessee State
1.1
0.8
1.8
-0.05
0.03
149
149
67.3
264
139
177
136
0.69
0.34
0.34
22
11
21
11
140
Arkansas State
0.8
1.0
1.7
-0.05
0.03
156
144
73.0
8
142
151
151
0.73
0.40
0.33
22
12
18
12
141
Rhode Island
-3.5
5.2
1.7
0.03
0.03
247
60
68.0
223
140
98
129
0.32
0.48
-0.16
10
15
16
15
142
Utah
3.5
-1.8
1.7
0.03
-0.05
101
210
68.0
222
141
241
100
0.26
0.52
-0.26
8
16
10
21
143
Richmond
2.7
-1.1
1.6
-0.05
0.03
119
194
68.2
202
148
210
120
0.67
0.30
0.37
20
9
14
16
144
Northern Colorado
3.4
-1.8
1.6
0.03
0.03
106
209
69.7
119
143
286
162
0.41
0.34
0.07
12
10
17
12
145
Toledo 🔒
4.6
-3.0
1.6
-0.05
-0.05
88
247
69.7
117
144
267
141
0.48
0.52
-0.03
14
15
15
14
146
Boston College
-4.2
5.5
1.4
0.03
0.03
259
57
67.4
255
149
77
112
0.30
0.53
-0.23
9
16
11
20
147
Wright State
3.3
-2.0
1.3
-0.05
0.03
108
218
68.5
189
145
303
144
0.58
0.16
0.42
18
5
20
11
148
Penn State 📉💥
3.9
-2.7
1.2
-0.05
-0.05
97
242
68.6
176
155
69
126
0.61
0.71
-0.10
19
22
12
19
149
Saint Bonaventure
3.0
-1.9
1.1
-0.05
-0.05
112
217
68.3
196
146
310
113
0.47
0.27
0.20
14
8
14
16
150
Kent State
1.9
-0.9
0.9
-0.05
0.03
130
188
71.3
32
147
298
125
0.38
0.66
-0.28
11
19
21
8
151
Cornell
8.9
-8.0
0.8
-0.05
-0.05
50
334
72.3
18
150
361
160
0.56
0.56
0.00
14
14
13
12
152
Furman
0.4
0.4
0.8
-0.05
0.03
165
156
67.2
268
151
292
155
0.42
0.23
0.19
13
7
19
12
153
Portland State
-4.3
5.1
0.8
0.03
0.03
265
62
69.0
157
152
84
150
0.26
0.33
-0.07
7
9
17
10
154
Robert Morris
1.2
-0.5
0.8
0.03
-0.05
143
182
66.1
314
153
50
165
0.48
0.52
-0.03
15
16
20
11
155
Georgia Tech
-0.5
1.3
0.7
0.03
0.03
184
138
71.1
43
154
358
108
0.55
0.42
0.13
17
13
11
20
156
Western Kentucky
-0.5
1.0
0.5
0.03
0.03
182
142
71.2
36
161
36
147
0.48
0.52
-0.03
14
15
16
13
157
Washington State
3.1
-2.7
0.5
-0.05
0.03
109
241
69.2
152
156
23
161
0.35
0.39
-0.03
11
12
11
20
158
Tennessee State 🔥
0.7
-0.3
0.4
0.03
-0.05
159
175
71.0
47
157
205
208
0.45
0.41
0.03
13
12
20
9
159
College of Charleston
-0.4
0.8
0.4
-0.05
0.03
178
148
69.3
141
159
338
167
0.45
0.52
-0.06
14
16
20
11
160
Bowling Green 📉
-2.6
3.0
0.4
-0.05
-0.05
228
103
69.8
110
158
230
149
0.57
0.46
0.11
16
13
15
13
161
Merrimack 📈
-1.7
2.0
0.2
-0.05
-0.05
205
124
64.7
360
160
161
210
0.39
0.36
0.03
13
12
23
10
162
Fordham
-3.1
3.1
0.0
0.03
0.03
238
101
66.0
322
162
313
172
0.39
0.32
0.07
11
9
14
14
163
Penn 🔒
-1.9
1.9
-0.0
-0.05
0.03
212
127
70.3
84
164
322
197
0.42
0.38
0.04
11
10
15
11
164
Kennesaw State 🤕
1.3
-1.4
-0.1
0.03
0.03
141
203
72.1
21
178
78
164
0.54
0.36
0.18
15
10
15
13
165
William & Mary
1.7
-1.8
-0.1
-0.05
-0.05
136
208
73.5
6
163
192
166
0.43
0.43
0.00
13
13
18
12
166
Loyola Marymount 🤕
-2.1
1.8
-0.3
-0.05
-0.05
216
130
68.2
206
181
235
140
0.45
0.42
0.03
14
13
14
17
167
Middle Tennessee
-0.5
0.2
-0.3
0.03
-0.05
180
164
67.1
275
165
253
189
0.36
0.43
-0.07
10
12
14
14
168
Monmouth
-2.4
2.0
-0.3
0.03
0.03
221
123
68.4
193
166
332
152
0.41
0.53
-0.13
13
17
18
14
169
Mercer
2.4
-2.7
-0.4
0.03
-0.05
122
243
70.4
78
167
38
201
0.59
0.28
0.31
17
8
16
13
170
Samford 📈
1.8
-2.2
-0.4
0.03
-0.05
132
221
68.8
168
168
155
185
0.60
0.57
0.03
18
17
16
14
171
Central Arkansas
-0.5
0.0
-0.4
-0.05
-0.05
181
168
69.5
129
169
45
224
0.72
0.66
0.06
23
21
20
12
172
Austin Peay
0.0
-0.5
-0.5
0.03
-0.05
171
183
70.0
102
170
90
157
0.52
0.34
0.17
15
10
20
9
173
Appalachian State 💥
-2.7
2.2
-0.5
0.03
-0.05
231
116
64.6
361
171
278
225
0.67
0.43
0.23
20
13
17
13
174
Fresno State 🤕
-2.9
2.4
-0.6
-0.05
0.03
233
112
69.7
116
192
147
158
0.31
0.38
-0.07
9
11
12
18
175
Siena
-0.3
-0.3
-0.6
-0.05
-0.05
174
178
66.0
323
180
194
171
0.45
0.45
0.00
15
15
22
11
176
Oregon State
0.2
-0.9
-0.7
0.03
-0.05
168
189
66.4
299
172
152
143
0.36
0.55
-0.18
12
18
17
16
177
Idaho
-0.4
-0.4
-0.8
-0.05
0.03
176
180
68.5
182
173
212
177
0.57
0.53
0.03
17
16
16
14
178
Eastern Washington 🔥
4.2
-5.1
-0.9
-0.05
-0.05
94
285
68.5
181
174
122
193
0.35
0.32
0.03
11
10
13
18
179
New Mexico State
1.0
-1.9
-0.9
0.03
-0.05
151
216
67.3
260
175
178
156
0.41
0.59
-0.19
11
16
12
15
180
UMBC 🔥
-0.7
-0.4
-1.1
-0.05
0.03
186
179
67.9
228
176
350
253
0.57
0.36
0.21
16
10
20
8
181
Howard 📈
-4.3
3.3
-1.1
-0.05
-0.05
269
95
71.2
39
177
172
239
0.63
0.30
0.33
17
8
17
10
182
Louisiana Tech 🔥
-4.9
3.6
-1.3
-0.05
-0.05
279
87
65.7
337
179
243
192
0.46
0.29
0.18
13
8
15
13
183
Marshall
3.1
-4.5
-1.4
-0.05
-0.05
111
276
70.6
63
182
219
169
0.45
0.52
-0.06
14
16
18
13
184
South Alabama
-1.1
-0.4
-1.5
0.03
0.03
191
181
65.9
327
183
245
194
0.57
0.40
0.17
17
12
19
11
185
Florida International
-1.6
0.1
-1.5
0.03
-0.05
202
165
72.6
13
193
62
170
0.57
0.64
-0.07
16
18
12
16
186
Valparaiso
-1.9
0.3
-1.6
0.03
-0.05
209
161
66.8
289
184
128
235
0.38
0.38
0.00
12
12
17
15
187
Charlotte
2.3
-4.1
-1.8
0.03
-0.05
125
266
65.2
350
189
218
188
0.47
0.43
0.03
14
13
14
16
188
Marist
-7.5
5.7
-1.8
-0.05
0.03
316
54
67.5
250
195
55
184
0.53
0.43
0.10
16
13
18
12
189
Texas A&M-Corpus Christi
-4.3
2.6
-1.8
-0.05
-0.05
268
107
67.6
240
185
287
222
0.43
0.61
-0.18
12
17
14
14
190
James Madison 🔒
0.6
-2.3
-1.8
0.03
0.03
162
225
67.4
253
186
197
181
0.47
0.47
0.00
15
15
17
15
191
Oakland 💥
4.4
-6.1
-1.8
0.03
0.03
90
304
70.2
87
187
327
154
0.32
0.35
-0.03
10
11
15
16
192
Northern Kentucky
0.4
-2.2
-1.8
-0.05
-0.05
166
222
70.3
83
188
154
195
0.29
0.52
-0.23
9
16
17
14
193
Queens
6.0
-7.9
-1.8
-0.05
-0.05
73
332
70.2
94
190
133
168
0.48
0.48
0.00
16
16
20
13
194
Massachusetts
0.5
-2.4
-1.9
0.03
0.03
163
231
71.1
44
191
162
146
0.43
0.27
0.17
13
8
15
15
195
Western Carolina 🔥
1.0
-3.0
-2.0
-0.05
-0.05
152
248
69.4
131
194
22
204
0.45
0.52
-0.07
13
15
13
16
196
UC Davis
-2.4
0.1
-2.3
0.03
-0.05
224
167
69.5
126
196
144
214
0.31
0.41
-0.10
9
12
16
13
197
Tulane
-1.3
-1.2
-2.5
-0.05
-0.05
197
197
68.5
186
197
329
142
0.43
0.43
0.00
13
13
16
14
198
UT Arlington
-6.0
3.5
-2.5
-0.05
-0.05
292
88
66.4
303
198
181
209
0.36
0.32
0.04
10
9
15
13
199
Campbell
1.1
-3.7
-2.6
-0.05
0.03
148
259
70.5
67
199
119
186
0.44
0.41
0.03
14
13
14
18
200
Quinnipiac
-3.1
0.4
-2.7
0.03
0.03
237
158
70.8
57
200
362
198
0.45
0.29
0.16
14
9
18
13
201
Vermont
-0.9
-1.9
-2.8
0.03
-0.05
189
214
65.8
333
201
75
218
0.47
0.47
0.00
14
14
19
11
202
Jacksonville State
-3.3
0.5
-2.8
0.03
0.03
242
154
66.6
294
205
312
226
0.61
0.43
0.18
17
12
12
16
203
Columbia
-1.1
-1.9
-2.9
-0.05
0.03
192
213
68.6
174
202
326
190
0.50
0.58
-0.08
13
15
14
12
204
South Dakota State
-0.5
-2.5
-3.0
-0.05
0.03
179
234
68.3
199
203
83
178
0.41
0.48
-0.07
12
14
11
18
205
Drake
0.5
-3.5
-3.0
-0.05
0.03
164
253
68.0
217
204
294
200
0.38
0.63
-0.25
12
20
12
20
206
Lipscomb
-2.3
-0.9
-3.2
0.03
0.03
220
190
70.3
81
206
57
211
0.63
0.70
-0.07
19
21
17
13
207
Cal State Northridge
-2.4
-0.9
-3.3
0.03
-0.05
223
186
74.3
2
207
64
215
0.57
0.53
0.03
17
16
17
13
208
Long Island
-4.2
0.9
-3.3
0.03
-0.05
261
146
69.3
143
208
160
234
0.58
0.39
0.18
19
13
23
10
209
Montana
-2.5
-0.9
-3.4
0.03
-0.05
225
191
70.3
82
209
139
206
0.43
0.29
0.14
12
8
14
14
210
Indiana State
-2.9
-0.5
-3.4
0.03
-0.05
232
184
69.7
113
210
259
216
0.50
0.60
-0.10
15
18
9
21
211
Southeast Missouri State
-4.5
1.0
-3.5
0.03
-0.05
272
143
69.6
120
211
258
241
0.43
0.50
-0.07
13
15
17
13
212
Missouri State 🤕
-0.9
-2.7
-3.6
0.03
-0.05
188
239
66.7
292
225
261
187
0.54
0.54
0.00
15
15
11
17
213
Ohio
0.9
-4.8
-3.9
-0.05
-0.05
155
282
69.8
109
212
126
173
0.38
0.45
-0.07
11
13
13
16
214
Cal State Fullerton
-1.6
-2.3
-3.9
-0.05
-0.05
203
224
73.5
5
213
240
264
0.57
0.50
0.07
17
15
15
15
215
Drexel
-6.2
2.2
-4.0
-0.05
-0.05
295
117
65.6
340
214
233
238
0.47
0.47
0.00
15
15
16
16
216
Southern Mississippi
-3.7
-0.3
-4.0
0.03
-0.05
248
176
70.2
93
215
158
259
0.48
0.36
0.12
16
12
17
16
217
Youngstown State 💥
-3.0
-1.2
-4.2
0.03
0.03
235
198
68.6
178
216
179
179
0.55
0.31
0.24
16
9
12
17
218
UNC Asheville
-1.9
-2.4
-4.3
-0.05
0.03
213
229
66.1
320
217
264
202
0.21
0.41
-0.21
6
12
12
17
219
Georgia Southern 🔥
1.3
-5.9
-4.6
0.03
0.03
142
300
71.3
34
218
164
230
0.43
0.54
-0.11
15
19
19
16
220
Saint Peter's
-4.4
-0.2
-4.6
0.03
0.03
270
173
66.2
312
219
59
254
0.57
0.57
0.00
16
16
16
12
221
Old Dominion 🔒
-1.6
-3.1
-4.7
0.03
-0.05
201
249
69.9
103
220
184
196
0.47
0.44
0.03
15
14
11
21
222
New Orleans
-2.2
-2.6
-4.7
0.03
0.03
218
235
71.1
42
221
347
229
0.33
0.39
-0.06
11
13
15
18
223
Colgate
-0.7
-4.1
-4.8
0.03
0.03
187
267
68.2
209
222
206
221
0.61
0.32
0.29
19
10
16
15
224
Radford
-1.5
-3.3
-4.8
0.03
-0.05
200
250
71.4
30
223
262
191
0.62
0.45
0.17
18
13
13
16
225
Weber State
0.7
-5.5
-4.8
0.03
-0.05
158
294
69.5
127
224
85
255
0.40
0.53
-0.13
12
16
14
16
226
SIU Edwardsville
-7.5
2.5
-5.0
0.03
-0.05
315
108
66.1
316
226
115
257
0.48
0.38
0.10
14
11
16
13
227
Tennessee-Martin
-8.5
3.4
-5.1
-0.05
0.03
332
94
66.3
308
227
351
292
0.40
0.40
0.00
12
12
19
11
228
Texas State 📈
-3.9
-1.2
-5.1
0.03
0.03
254
199
67.7
235
228
17
237
0.23
0.40
-0.17
7
12
17
13
229
Boston University 📈
1.7
-6.8
-5.1
0.03
-0.05
135
314
64.8
359
233
168
262
0.47
0.59
-0.13
15
19
16
16
230
Wofford
1.0
-6.2
-5.2
0.03
0.03
153
306
69.1
154
229
349
217
0.57
0.40
0.17
17
12
17
13
231
Charleston Southern
-3.5
-1.9
-5.4
0.03
-0.05
246
215
72.6
12
230
201
282
0.62
0.55
0.07
18
16
12
17
232
Longwood 📈
-3.9
-1.5
-5.4
0.03
0.03
252
204
69.8
111
231
116
251
0.34
0.31
0.03
10
9
13
16
233
Rice
-1.9
-3.6
-5.5
0.03
-0.05
208
258
67.6
246
232
276
182
0.17
0.66
-0.48
5
19
11
18
234
Bethune-Cookman
-3.9
-1.6
-5.5
-0.05
-0.05
255
206
70.1
95
234
72
220
0.47
0.40
0.07
14
12
16
14
235
Utah Tech
-1.2
-4.4
-5.6
0.03
0.03
194
274
67.7
238
235
135
249
0.55
0.48
0.07
16
14
15
14
236
Buffalo 📉🤕
1.6
-7.2
-5.6
0.03
-0.05
137
321
67.9
226
261
363
232
0.48
0.34
0.14
14
10
15
14
237
Detroit 🔥
-1.4
-4.2
-5.6
-0.05
-0.05
198
270
69.8
112
236
131
228
0.59
0.41
0.17
17
12
15
14
238
Iona
-4.4
-1.2
-5.6
0.03
0.03
271
201
70.1
99
237
65
243
0.81
0.47
0.34
26
15
18
14
239
Tarleton State
-6.1
0.4
-5.7
0.03
0.03
294
159
70.0
101
238
283
242
0.56
0.44
0.11
15
12
10
17
240
Lamar 🥶
-5.6
-0.2
-5.8
0.03
-0.05
285
174
67.1
274
239
108
213
0.41
0.48
-0.07
12
14
10
19
241
Cal Poly
-0.1
-5.7
-5.8
-0.05
0.03
172
296
75.0
1
240
138
285
0.30
0.63
-0.33
9
19
12
18
242
East Carolina
-3.8
-2.1
-5.9
-0.05
-0.05
251
220
69.4
133
241
255
203
0.23
0.43
-0.20
7
13
10
20
243
Florida Gulf Coast
-3.3
-2.7
-6.0
0.03
-0.05
240
240
68.7
173
242
137
180
0.41
0.50
-0.09
13
16
14
18
244
Princeton
-3.4
-2.6
-6.0
0.03
-0.05
244
236
65.6
339
243
42
250
0.46
0.61
-0.14
13
17
8
20
245
American
-2.6
-3.5
-6.1
-0.05
-0.05
230
256
67.6
241
244
190
275
0.50
0.27
0.23
15
8
14
16
246
Green Bay
1.1
-7.3
-6.2
-0.05
-0.05
147
322
65.0
353
245
200
252
0.35
0.19
0.16
11
6
16
15
247
Fairfield 💥
-3.3
-3.0
-6.3
0.03
0.03
241
246
68.4
195
246
321
268
0.52
0.55
-0.03
17
18
20
13
248
Stony Brook
-3.4
-2.9
-6.3
0.03
0.03
245
245
67.1
272
247
124
247
0.60
0.43
0.17
18
13
15
15
249
Coastal Carolina
-6.4
-0.0
-6.5
0.03
0.03
298
169
68.2
207
248
231
283
0.35
0.45
-0.10
11
14
18
13
250
Omaha
-2.2
-4.4
-6.5
0.03
-0.05
217
275
68.2
204
249
95
240
0.31
0.52
-0.21
9
15
12
17
251
Nicholls State
-4.0
-2.6
-6.6
-0.05
-0.05
256
237
69.3
142
250
346
256
0.50
0.63
-0.13
16
20
13
19
252
Mount St. Mary's 📈
-7.6
0.9
-6.7
-0.05
-0.05
318
145
68.9
160
251
331
278
0.45
0.65
-0.19
14
20
14
17
253
Presbyterian
-4.3
-2.4
-6.7
-0.05
-0.05
266
232
65.7
338
252
187
280
0.33
0.43
-0.10
10
13
12
18
254
Fort Wayne
-2.6
-4.3
-6.8
0.03
0.03
229
271
68.9
161
253
248
227
0.38
0.69
-0.31
11
20
14
15
255
Lindenwood
-7.8
0.9
-6.9
-0.05
0.03
321
147
73.1
7
254
342
284
0.60
0.47
0.13
18
14
15
15
256
Hampton
-5.3
-1.6
-7.0
-0.05
0.03
282
207
67.1
278
255
10
244
0.27
0.53
-0.27
8
16
11
19
257
San Diego
-1.9
-5.2
-7.0
0.03
0.03
210
288
69.3
145
267
41
183
0.35
0.87
-0.52
11
27
10
21
258
Chattanooga
-0.5
-6.6
-7.1
0.03
0.03
183
312
68.1
213
256
345
245
0.45
0.55
-0.10
13
16
10
19
259
La Salle 🤕
-6.0
-1.2
-7.2
-0.05
-0.05
293
200
67.4
252
259
58
219
0.43
0.60
-0.17
13
18
8
22
260
Denver
4.0
-11.2
-7.2
0.03
-0.05
96
355
69.0
156
257
188
288
0.28
0.38
-0.10
8
11
12
17
261
Incarnate Word 💥
-0.3
-6.9
-7.2
0.03
0.03
175
316
66.5
295
258
224
199
0.29
0.25
0.04
8
7
9
19
262
Ball State 🔥
-7.4
-0.2
-7.6
-0.05
0.03
314
172
65.4
344
260
223
265
0.17
0.45
-0.28
5
13
10
19
263
Central Michigan
-2.5
-5.1
-7.7
-0.05
0.03
227
287
68.1
211
262
3
302
0.41
0.59
-0.17
12
17
8
21
264
Sacred Heart
-0.3
-7.4
-7.7
-0.05
0.03
173
326
69.6
124
263
169
236
0.50
0.50
0.00
16
16
13
19
265
Southern
-3.7
-4.0
-7.7
0.03
0.03
250
264
70.9
50
264
301
281
0.50
0.54
-0.04
14
15
12
16
266
Dartmouth
-4.2
-3.5
-7.8
0.03
-0.05
264
255
70.8
58
265
356
258
0.36
0.60
-0.24
9
15
9
16
267
Elon 🥶
-1.7
-6.1
-7.8
0.03
-0.05
204
303
68.1
215
266
364
231
0.30
0.57
-0.27
9
17
12
18
268
Eastern Michigan 🤕
-6.9
-1.0
-7.9
0.03
-0.05
305
192
67.7
239
280
96
248
0.47
0.47
0.00
14
14
9
21
269
San Jose State 🤕
0.7
-8.6
-8.0
-0.05
0.03
161
340
66.1
319
277
208
223
0.30
0.50
-0.20
9
15
7
23
270
Milwaukee
-2.1
-6.2
-8.2
0.03
-0.05
215
305
68.7
171
268
101
233
0.35
0.48
-0.13
11
15
11
20
271
UTEP
-7.3
-1.1
-8.3
0.03
0.03
310
193
67.0
279
272
92
263
0.43
0.57
-0.14
12
16
8
20
272
Morehead State
-2.5
-5.9
-8.4
-0.05
-0.05
226
299
67.0
282
269
242
299
0.17
0.67
-0.50
5
20
17
13
273
Brown
-9.1
0.7
-8.4
-0.05
-0.05
338
152
68.0
221
270
323
260
0.28
0.56
-0.28
7
14
7
18
274
Long Beach State
-5.8
-2.6
-8.5
0.03
0.03
290
238
69.5
128
271
247
270
0.17
0.55
-0.38
5
16
8
22
275
Arkansas-Little Rock
-4.6
-4.0
-8.6
-0.05
-0.05
276
263
67.9
230
273
129
207
0.33
0.60
-0.27
10
18
10
20
276
UNC Greensboro
-0.4
-8.2
-8.6
-0.05
-0.05
177
337
68.7
169
274
173
269
0.56
0.72
-0.16
18
23
13
19
277
Abilene Christian
-9.4
0.6
-8.8
0.03
-0.05
340
153
68.9
162
275
141
246
0.21
0.57
-0.36
6
16
10
18
278
Bellarmine
6.1
-14.9
-8.8
0.03
0.03
71
365
66.4
297
276
33
266
0.47
0.53
-0.07
14
16
11
19
279
Lehigh 🔒
-5.6
-3.4
-9.0
0.03
-0.05
286
251
68.2
205
278
97
304
0.39
0.48
-0.10
12
15
15
16
280
Mercyhurst
-6.6
-2.4
-9.0
0.03
0.03
301
227
65.9
329
279
118
317
0.45
0.52
-0.06
14
16
15
16
281
Western Michigan
-2.2
-6.9
-9.2
0.03
0.03
219
317
68.8
167
281
113
273
0.28
0.79
-0.52
8
23
9
20
282
UC Riverside
-6.8
-2.5
-9.3
-0.05
0.03
303
233
70.2
91
282
110
312
0.23
0.57
-0.33
7
17
8
22
283
South Dakota
-3.0
-6.3
-9.3
0.03
0.03
236
307
71.1
40
283
20
287
0.38
0.48
-0.10
11
14
13
16
284
Southern Utah 📈
-3.0
-6.5
-9.4
-0.05
-0.05
234
310
71.2
38
284
53
293
0.25
0.86
-0.61
7
24
7
21
285
Sacramento State 🤕
-4.5
-5.0
-9.5
0.03
0.03
273
283
72.5
15
299
8
274
0.36
0.50
-0.14
10
14
7
21
286
Eastern Kentucky 🥶
0.4
-9.9
-9.6
0.03
-0.05
167
351
68.6
180
285
191
212
0.37
0.67
-0.30
11
20
9
21
287
Texas Southern 📈
-5.9
-3.7
-9.6
-0.05
-0.05
291
260
70.1
98
286
27
300
0.44
0.63
-0.19
12
17
10
17
288
Grambling
-10.1
0.5
-9.6
-0.05
-0.05
344
155
68.4
191
287
297
310
0.50
0.50
0.00
15
15
12
18
289
Loyola Chicago
-5.2
-4.5
-9.7
0.03
-0.05
281
277
67.0
281
291
221
175
0.26
0.74
-0.48
8
23
8
23
290
North Dakota
-3.4
-6.4
-9.8
0.03
-0.05
243
308
69.2
148
288
251
290
0.28
0.41
-0.13
9
13
15
17
291
Jacksonville
-4.7
-5.1
-9.8
-0.05
-0.05
277
286
65.1
351
289
246
289
0.27
0.70
-0.43
8
21
10
20
292
Idaho State 📉
-1.1
-8.8
-9.9
0.03
0.03
193
343
66.1
318
290
82
267
0.23
0.40
-0.17
7
12
10
20
293
Northeastern
-1.9
-8.0
-10.0
0.03
0.03
214
333
70.6
66
292
320
261
0.35
0.52
-0.16
11
16
7
24
294
Norfolk State
-4.6
-5.4
-10.0
-0.05
-0.05
274
292
68.7
172
293
114
308
0.33
0.48
-0.15
9
13
11
16
295
West Georgia
-5.7
-4.3
-10.0
0.03
0.03
289
273
70.2
88
295
202
272
0.40
0.67
-0.27
12
20
13
17
296
Le Moyne
-6.3
-3.8
-10.1
-0.05
-0.05
296
262
70.4
75
294
275
324
0.39
0.52
-0.13
12
16
14
17
297
Houston Christian
-6.6
-3.7
-10.3
0.03
0.03
300
261
65.8
330
296
150
271
0.27
0.87
-0.60
8
26
10
20
298
Southeastern Louisiana
-8.5
-1.8
-10.3
0.03
0.03
331
212
67.1
276
297
130
294
0.23
0.63
-0.40
7
19
8
22
299
Pepperdine
-4.6
-5.7
-10.3
0.03
0.03
275
297
69.3
139
301
318
277
0.30
0.60
-0.30
9
18
7
23
300
Northwestern State
-7.0
-3.5
-10.5
0.03
0.03
307
254
66.1
317
298
132
305
0.40
0.77
-0.37
12
23
8
22
301
North Carolina A&T
-3.9
-6.9
-10.8
0.03
0.03
253
318
69.6
121
303
257
315
0.32
0.46
-0.14
9
13
9
19
302
Alabama A&M
-4.9
-6.0
-10.9
-0.05
-0.05
278
301
67.5
247
300
86
313
0.36
0.32
0.04
10
9
14
14
303
Central Connecticut
-4.2
-6.7
-10.9
0.03
0.03
263
313
66.1
315
302
324
321
0.39
0.54
-0.14
11
15
16
12
304
Louisiana-Lafayette
-7.8
-3.4
-11.1
-0.05
-0.05
320
252
65.0
354
304
105
298
0.21
0.64
-0.42
7
21
11
22
305
Loyola Maryland
-4.1
-7.3
-11.4
-0.05
0.03
258
323
69.3
138
305
300
291
0.30
0.57
-0.27
9
17
10
20
306
Portland 🥶🤕
-7.9
-3.6
-11.5
0.03
0.03
323
257
69.6
125
306
2
296
0.44
0.56
-0.13
14
18
13
19
307
South Carolina Upstate
-9.4
-2.2
-11.6
0.03
0.03
341
223
69.4
134
307
293
320
0.24
0.59
-0.34
7
17
10
19
308
UMass Lowell 📈
-5.1
-6.5
-11.7
-0.05
-0.05
280
311
70.2
89
308
167
327
0.52
0.41
0.10
15
12
12
17
309
Albany
-4.3
-7.3
-11.7
-0.05
-0.05
267
325
66.8
287
309
136
307
0.34
0.55
-0.21
10
16
8
21
310
Stetson 🔥
-3.2
-8.7
-11.9
-0.05
0.03
239
342
68.1
214
310
26
314
0.32
0.65
-0.32
10
20
10
21
311
Tennessee Tech 💥
-5.7
-6.4
-12.0
-0.05
-0.05
287
309
68.4
190
311
145
325
0.36
0.64
-0.29
10
18
10
18
312
Wagner 🔥
-7.3
-4.7
-12.0
0.03
-0.05
311
281
66.4
300
312
311
328
0.26
0.48
-0.22
7
13
11
17
313
Oral Roberts 🔥
-7.1
-5.2
-12.3
-0.05
0.03
308
290
69.3
144
313
260
306
0.30
0.60
-0.30
9
18
7
23
314
Prairie View
-7.8
-4.6
-12.4
0.03
-0.05
322
279
73.0
9
314
306
333
0.33
0.52
-0.19
9
14
10
17
315
Florida A&M
-10.5
-2.0
-12.5
-0.05
-0.05
345
219
69.8
106
315
106
339
0.26
0.63
-0.37
7
17
12
15
316
East Texas A&M
-8.0
-4.5
-12.6
-0.05
-0.05
325
278
69.0
155
316
277
309
0.31
0.45
-0.14
9
13
9
21
317
Lafayette
-7.4
-5.2
-12.6
-0.05
-0.05
313
291
68.0
220
317
354
318
0.37
0.67
-0.30
11
20
10
21
318
Evansville
-7.3
-5.4
-12.8
-0.05
0.03
312
293
68.0
219
318
171
276
0.20
1.10
-0.90
6
33
5
25
319
Alabama State
-8.9
-4.3
-13.2
-0.05
0.03
336
272
70.2
90
319
102
322
0.26
0.65
-0.39
8
20
9
22
320
Georgia State 🥶
-9.1
-4.1
-13.2
0.03
-0.05
337
268
69.2
149
321
222
279
0.47
0.80
-0.33
14
24
8
22
321
Manhattan
-3.7
-9.7
-13.4
-0.05
-0.05
249
349
69.2
150
320
143
297
0.23
0.42
-0.19
7
13
11
20
322
Bucknell
-8.0
-5.7
-13.8
-0.05
-0.05
326
298
68.0
224
322
279
329
0.30
0.79
-0.48
10
26
10
23
323
Eastern Illinois
-11.2
-2.8
-14.0
0.03
0.03
349
244
67.1
273
323
182
338
0.37
0.80
-0.43
11
24
10
20
324
Stonehill
-12.8
-1.2
-14.0
0.03
0.03
356
202
67.1
277
324
198
332
0.23
0.67
-0.43
7
20
10
21
325
Arkansas-Pine Bluff 🤕
-6.5
-7.6
-14.1
-0.05
-0.05
299
328
70.8
60
332
291
326
0.28
0.55
-0.28
8
16
11
18
326
Holy Cross 🔒
-7.1
-7.1
-14.3
0.03
0.03
309
319
67.1
270
325
250
331
0.23
0.61
-0.39
7
19
9
22
327
NJIT 🥶
-10.1
-4.2
-14.3
-0.05
0.03
343
269
69.3
140
326
330
337
0.35
0.84
-0.48
11
26
15
16
328
Niagara 📈
-7.7
-7.2
-14.9
-0.05
-0.05
319
320
63.9
365
327
80
348
0.48
0.76
-0.28
14
22
7
22
329
Delaware 🥶💥🤕
-7.6
-7.3
-14.9
0.03
0.03
317
324
65.3
346
334
360
286
0.30
0.77
-0.47
9
23
10
20
330
New Haven
-12.6
-2.4
-15.0
-0.05
0.03
355
228
65.6
343
328
265
351
0.25
0.68
-0.43
7
19
11
17
331
Army
-6.9
-8.2
-15.1
-0.05
0.03
306
336
68.1
212
329
352
323
0.17
0.70
-0.53
5
21
9
21
332
Cleveland State 🤕
-1.8
-13.2
-15.1
0.03
0.03
207
362
70.6
62
338
183
301
0.43
0.93
-0.50
13
28
8
22
333
Jackson State 🤕
-6.3
-9.1
-15.5
-0.05
0.03
297
346
70.4
73
345
7
319
0.26
1.23
-0.97
8
38
11
20
334
Fairleigh Dickinson
-8.3
-7.5
-15.8
0.03
-0.05
329
327
66.2
311
330
193
340
0.28
0.62
-0.34
8
18
8
21
335
The Citadel 📈
-6.6
-9.2
-15.8
-0.05
0.03
302
347
65.7
335
331
165
336
0.33
0.90
-0.57
10
27
8
22
336
Northern Arizona
-5.7
-10.4
-16.1
0.03
0.03
288
353
65.6
342
333
146
316
0.21
0.62
-0.41
6
18
7
22
337
Southern Indiana
-11.9
-4.6
-16.4
0.03
0.03
353
280
69.2
147
335
308
330
0.36
0.50
-0.14
10
14
5
23
338
Canisius
-11.6
-5.1
-16.6
-0.05
0.03
351
284
65.7
334
336
51
347
0.33
0.87
-0.53
10
26
9
21
339
North Alabama
-8.0
-8.7
-16.7
0.03
-0.05
324
341
66.3
306
337
195
295
0.29
0.61
-0.32
8
17
7
21
340
North Florida
-2.4
-14.4
-16.8
-0.05
-0.05
222
364
71.2
35
339
254
334
0.23
0.87
-0.63
7
26
5
25
341
Morgan State 📈
-8.3
-8.5
-16.8
-0.05
0.03
328
339
71.7
26
340
68
358
0.15
0.50
-0.35
4
13
11
15
342
IU Indy
-5.5
-11.5
-17.0
0.03
0.03
284
359
73.9
4
341
273
345
0.27
0.73
-0.47
8
22
5
25
343
Cal State Bakersfield 🔒
-8.6
-8.5
-17.1
0.03
-0.05
335
338
71.1
41
342
93
303
0.20
0.67
-0.47
6
20
6
24
344
North Carolina Central
-6.9
-10.3
-17.2
-0.05
-0.05
304
352
67.5
249
343
282
344
0.44
0.88
-0.44
11
22
8
17
345
Maine
-15.5
-1.8
-17.3
0.03
-0.05
362
211
66.2
310
344
340
353
0.29
0.61
-0.32
9
19
7
24
346
Maryland-Eastern Shore
-13.5
-4.0
-17.5
0.03
0.03
359
265
65.1
352
346
47
350
0.28
0.66
-0.38
8
19
7
22
347
UTSA
-8.2
-9.3
-17.5
0.03
-0.05
327
348
69.9
104
347
315
311
0.29
0.86
-0.57
8
24
3
25
348
New Hampshire 🥶
-11.8
-6.1
-17.9
0.03
0.03
352
302
68.9
164
348
159
349
0.43
1.04
-0.61
12
29
7
21
349
South Carolina State 📈
-11.3
-6.9
-18.2
-0.05
-0.05
350
315
70.0
100
349
66
360
0.18
0.89
-0.71
5
25
7
21
350
Chicago State
-9.1
-9.1
-18.3
0.03
-0.05
339
345
67.4
256
350
35
346
0.26
0.84
-0.58
8
26
6
25
351
Alcorn State 💥
-10.6
-7.9
-18.5
-0.05
-0.05
346
331
68.8
166
351
199
355
0.26
0.97
-0.71
8
30
9
22
352
Bryant
-11.1
-8.1
-19.2
0.03
0.03
348
335
66.2
309
352
4
343
0.34
0.59
-0.24
10
17
7
22
353
Northern Illinois 🥶
-13.8
-5.6
-19.4
0.03
-0.05
360
295
69.3
136
353
335
341
0.32
0.75
-0.43
9
21
7
21
354
Saint Francis (PA)
-8.4
-11.4
-19.8
-0.05
0.03
330
358
70.9
52
354
216
356
0.31
0.66
-0.34
9
19
5
24
355
Binghamton 📈
-9.5
-10.5
-20.0
0.03
-0.05
342