Rk	Team	Conf	W-L	NetRtg	ORtg	DRtg	AdjT	Luck	NetRtg	ORtg	DRtg	NetRtg
1	Duke	ACC	29-2	+40.60	128.5	5	87.9	1	65.4	294	+.030	110	+14.13	14	117.2	21	103.1	7	+10.92	17
2	Michigan	B10	29-2	+39.31	128.6	4	89.3	2	71.5	18	+.039	87	+15.99	4	118.7	7	102.7	4	+13.03	10
3	Arizona	B12	29-2	+37.33	126.7	7	89.4	3	70.1	45	+.011	153	+14.10	15	117.7	17	103.6	20	+3.74	98
4	Florida	SEC	25-6	+35.32	126.5	8	91.2	4	70.9	24	-.051	313	+15.60	6	119.5	3	103.9	26	+8.24	31
5	Illinois	B10	24-7	+32.67	131.7	1	99.1	26	65.5	287	-.035	287	+13.53	19	117.3	20	103.7	22	+4.19	91
6	Houston	B12	26-5	+32.47	125.1	17	92.6	6	63.4	351	+.002	176	+12.34	31	116.7	32	104.3	42	+1.15	158
7	Iowa St.	B12	25-6	+29.96	123.0	26	93.0	7	66.7	218	+.006	170	+11.50	41	115.3	56	103.8	25	-3.17	279
8	Purdue	B10	23-8	+29.42	130.5	2	101.1	39	64.9	309	-.021	239	+14.98	8	118.5	9	103.5	16	+6.68	48
9	Michigan St.	B10	25-6	+28.93	122.8	27	93.9	9	65.9	265	+.019	131	+13.72	18	118.4	10	104.7	57	+3.90	94
10	Connecticut	BE	27-4	+28.26	122.7	28	94.5	11	64.9	310	+.052	59	+11.97	35	115.5	52	103.6	18	+8.29	30
11	Gonzaga	WCC	29-3	+27.87	121.7	34	93.8	8	69.1	91	+.071	34	+5.75	88	113.1	83	107.4	100	+8.59	28
12	Nebraska	B10	26-5	+26.95	119.4	54	92.4	5	66.9	210	+.028	117	+11.06	52	116.2	40	105.1	61	-5.63	317
13	Vanderbilt	SEC	24-7	+26.42	125.6	15	99.1	27	69.5	71	+.020	128	+13.26	20	117.8	14	104.6	50	+1.59	144
14	Louisville	ACC	22-9	+26.12	125.8	14	99.6	30	70.1	44	-.016	228	+12.37	30	115.8	45	103.5	15	+3.02	113
15	Tennessee	SEC	21-10	+26.09	121.5	36	95.4	15	65.3	296	-.058	321	+14.38	11	119.1	5	104.7	58	+1.15	159
16	Texas Tech	B12	22-9	+26.09	126.2	10	100.1	33	66.3	245	-.002	193	+15.31	7	118.5	8	103.2	9	+8.12	34
17	Alabama	SEC	23-8	+26.08	129.7	3	103.6	67	73.0	4	+.038	91	+16.99	1	120.0	2	103.0	6	+13.18	9
18	Arkansas	SEC	23-8	+25.94	127.9	6	102.0	44	71.2	21	+.029	113	+14.72	10	119.1	6	104.4	45	+4.88	78
19	Kansas	B12	22-9	+25.39	119.5	53	94.1	10	67.6	168	+.038	90	+16.68	3	118.2	11	101.5	1	+11.59	13
20	Virginia	ACC	27-4	+25.24	121.8	33	96.5	16	65.8	269	+.071	33	+8.61	74	114.9	66	106.3	83	-3.12	278
21	St. John's	BE	25-6	+24.43	119.8	51	95.4	14	69.8	62	+.060	46	+11.29	45	115.5	53	104.2	34	+6.55	51
22	Saint Mary's	WCC	27-5	+23.14	120.7	43	97.5	21	65.1	300	+.011	154	+5.45	92	112.0	95	106.5	90	+4.36	87
23	Wisconsin	B10	22-9	+22.59	125.4	16	102.8	55	69.0	94	+.038	89	+12.63	28	116.8	30	104.1	33	-0.79	219
24	Iowa	B10	20-11	+22.52	121.9	31	99.4	28	63.0	358	-.055	316	+11.35	43	115.8	46	104.4	48	-6.96	337
25	BYU	B12	21-10	+22.41	126.0	11	103.6	68	69.8	58	-.011	218	+14.37	12	116.8	29	102.4	3	+5.20	74
26	Ohio St.	B10	20-11	+21.68	124.4	18	102.7	52	66.3	241	-.029	268	+12.78	27	116.6	33	103.8	24	-1.44	235
27	Kentucky	SEC	19-12	+21.38	121.3	38	99.9	31	68.1	135	-.029	265	+15.67	5	119.2	4	103.5	17	+1.71	139
28	UCLA	B10	21-10	+21.29	123.9	19	102.6	51	64.4	329	+.015	144	+11.62	39	116.0	44	104.3	43	-1.71	243
29	Miami FL	ACC	24-7	+21.15	121.8	32	100.7	35	67.8	155	+.001	182	+6.71	82	113.2	81	106.5	88	-7.13	341
30	North Carolina	ACC	24-7	+21.04	121.6	35	100.6	34	67.8	153	+.077	30	+11.45	42	115.6	50	104.2	35	+1.39	150
31	Georgia	SEC	22-9	+21.03	125.8	12	104.8	88	71.3	20	+.011	155	+11.01	56	116.5	34	105.5	69	-6.14	327
32	Villanova	BE	24-7	+21.00	121.1	40	100.1	32	65.2	298	+.070	35	+10.51	65	115.2	60	104.7	56	+3.10	112
33	Texas	SEC	18-13	+19.91	126.3	9	106.3	111	66.8	217	-.076	341	+14.01	17	117.9	13	103.9	28	-5.95	321
34	Santa Clara	WCC	26-7	+19.77	123.8	21	104.0	73	69.6	65	+.019	130	+5.74	89	112.0	94	106.2	82	+4.28	90
35	Texas A&M	SEC	21-10	+19.77	120.6	44	100.8	37	70.6	27	-.005	197	+10.92	58	117.1	24	106.2	80	-5.79	319
36	Utah St.	MWC	25-6	+19.62	123.0	25	103.4	63	67.7	163	+.063	44	+7.05	80	113.2	82	106.2	79	+2.32	125
37	N.C. State	ACC	19-12	+19.59	123.3	24	103.7	71	69.0	95	-.025	255	+11.92	36	116.3	39	104.4	44	+4.48	84
38	Clemson	ACC	22-9	+18.93	116.3	76	97.4	20	64.2	335	-.001	187	+9.62	70	115.0	65	105.4	67	+1.04	165
39	Auburn	SEC	16-15	+18.73	125.8	13	107.1	124	67.2	193	-.051	312	+16.83	2	120.1	1	103.2	10	+8.69	26
40	Saint Louis	A10	27-4	+18.65	120.1	47	101.4	41	71.0	23	+.043	71	+0.59	147	108.9	196	108.3	127	-5.37	315
Strength of Schedule	NCSOS
Rk	Team	Conf	W-L	NetRtg	ORtg	DRtg	AdjT	Luck	NetRtg	ORtg	DRtg	NetRtg
41	Indiana	B10	18-13	+18.12	121.2	39	103.1	59	66.2	246	-.035	286	+11.99	34	116.5	35	104.5	49	-4.58	301
42	Cincinnati	B12	17-14	+17.76	112.4	119	94.7	12	67.6	165	-.069	336	+11.55	40	115.3	58	103.7	23	-2.82	271
43	SMU	ACC	19-12	+17.49	123.8	20	106.3	108	69.0	96	-.033	280	+11.06	53	115.7	48	104.7	55	+1.68	140
44	TCU	B12	21-10	+17.41	114.7	93	97.3	19	67.6	167	+.010	157	+10.70	64	115.4	55	104.7	54	-6.73	333
45	VCU	A10	24-7	+16.88	120.3	46	103.4	64	69.0	98	-.019	233	+3.48	103	110.9	109	107.5	104	-1.08	223
46	Oklahoma	SEC	17-14	+16.77	123.6	22	106.8	117	66.5	231	-.068	332	+13.26	21	117.5	19	104.2	38	-5.21	312
47	San Diego St.	MWC	20-10	+16.71	114.8	91	98.1	23	69.0	99	+.004	172	+8.17	76	114.3	69	106.1	78	+5.95	61
48	Baylor	B12	16-15	+16.27	123.3	23	107.0	122	67.8	154	-.074	340	+14.27	13	116.3	38	102.0	2	+1.66	142
49	New Mexico	MWC	22-9	+15.90	117.3	65	101.4	40	70.1	49	-.021	241	+6.06	86	112.5	90	106.4	86	+0.94	168
50	Missouri	SEC	20-11	+15.47	119.8	49	104.3	78	66.1	250	+.055	55	+11.32	44	116.9	28	105.6	70	-7.61	347
51	Seton Hall	BE	20-11	+15.32	110.5	153	95.2	13	65.0	306	-.034	284	+8.53	75	114.0	74	105.5	68	-3.96	291
52	South Florida	Amer	23-8	+15.28	117.7	61	102.5	50	71.6	14	-.026	259	+3.25	106	111.7	98	108.4	131	+4.87	79
53	UCF	B12	20-10	+15.17	122.1	30	106.9	118	69.4	75	+.084	20	+11.28	47	115.2	61	103.9	27	-2.19	257
54	Washington	B10	15-16	+14.98	117.2	66	102.3	49	67.2	192	-.105	361	+11.89	37	117.0	25	105.1	62	-0.39	204
55	Boise St.	MWC	20-11	+14.36	117.8	59	103.5	65	65.5	284	+.039	86	+9.21	71	114.8	67	105.6	73	+8.03	37
56	Virginia Tech	ACC	19-12	+14.05	117.4	63	103.3	61	67.1	197	+.001	178	+10.20	67	115.4	54	105.2	64	-0.58	210
57	West Virginia	B12	18-13	+14.03	111.3	136	97.2	18	62.4	363	-.033	281	+9.06	73	114.2	71	105.2	63	-8.02	350
58	Tulsa	Amer	25-6	+13.94	122.3	29	108.4	145	68.0	140	+.016	141	+0.37	150	109.6	160	109.2	158	-2.22	258
59	Stanford	ACC	20-11	+13.72	117.8	60	104.1	75	67.0	205	+.048	61	+9.19	72	113.8	76	104.6	53	-0.05	194
60	Grand Canyon	MWC	20-11	+13.53	110.8	146	97.2	17	67.9	147	-.056	317	+3.81	101	112.1	93	108.3	125	-5.50	316
61	Akron	MAC	26-5	+13.47	120.8	42	107.3	128	70.6	29	-.006	206	-3.92	251	108.3	237	112.2	282	-2.77	270
62	LSU	SEC	15-16	+13.19	119.6	52	106.4	113	66.5	228	-.082	345	+10.81	61	116.1	41	105.3	66	-4.44	298
63	Arizona St.	B12	16-15	+13.17	116.7	72	103.5	66	69.2	84	+.031	108	+14.09	16	117.7	18	103.6	19	+6.01	57
64	Colorado	B12	17-14	+12.60	119.2	55	106.7	115	68.8	108	+.034	100	+11.19	50	115.8	47	104.6	51	+0.46	182
65	Florida St.	ACC	17-14	+12.47	117.0	67	104.5	81	70.5	31	-.001	188	+10.73	63	115.0	64	104.3	41	-2.94	274
66	Northwestern	B10	13-18	+12.45	117.3	64	104.8	87	65.4	293	-.095	354	+13.23	22	117.2	22	103.9	30	-1.27	226
67	Belmont	MVC	26-6	+12.30	121.0	41	108.7	154	69.0	101	+.035	98	+0.25	152	108.6	213	108.4	129	-4.18	296
68	McNeese	Slnd	26-5	+12.20	115.0	87	102.8	53	66.3	242	+.079	27	-1.68	204	107.9	253	109.6	171	+9.79	21
69	Oklahoma St.	B12	18-13	+12.14	118.9	56	106.8	116	72.2	9	+.057	50	+12.17	32	115.6	51	103.4	13	-0.86	220
70	Northern Iowa	MVC	23-12	+11.81	110.3	156	98.5	25	62.3	364	-.070	337	+1.58	121	109.9	145	108.3	126	-0.67	215
71	California	ACC	21-10	+11.73	113.6	106	101.9	42	68.1	134	+.058	47	+7.18	78	113.6	78	106.5	87	-6.08	324
72	Minnesota	B10	15-16	+11.50	115.1	85	103.6	69	62.4	362	-.050	311	+11.09	51	116.7	31	105.6	72	-8.21	351
73	Providence	BE	14-17	+11.39	121.4	37	110.0	187	71.2	22	-.098	356	+10.75	62	114.2	72	103.4	14	-0.18	197
74	Creighton	BE	15-16	+11.35	117.0	68	105.6	100	67.4	179	-.022	242	+11.81	38	115.1	63	103.3	11	+3.83	96
75	Wake Forest	ACC	16-15	+11.34	116.9	69	105.5	97	68.3	127	-.026	260	+11.21	49	116.0	43	104.8	59	+1.02	166
76	Nevada	MWC	20-11	+11.03	116.1	78	105.0	92	65.5	282	+.013	147	+6.33	85	112.9	85	106.6	91	+3.22	110
77	USC	B10	18-13	+10.86	114.2	99	103.3	62	70.6	30	+.084	23	+12.46	29	116.9	27	104.4	46	-0.41	207
78	Yale	Ivy	23-5	+10.79	120.5	45	109.7	183	64.8	317	+.064	41	-1.08	184	108.9	195	110.0	186	+1.76	136
79	Dayton	A10	21-10	+10.64	111.4	134	100.8	36	67.1	196	+.034	102	+4.07	99	111.8	96	107.7	108	+1.15	157
80	Syracuse	ACC	15-16	+10.29	115.2	84	104.9	91	67.5	176	-.044	302	+10.23	66	113.9	75	103.7	21	-1.90	250
Strength of Schedule	NCSOS
Rk	Team	Conf	W-L	NetRtg	ORtg	DRtg	AdjT	Luck	NetRtg	ORtg	DRtg	NetRtg
81	Mississippi	SEC	12-19	+10.25	114.3	96	104.1	74	66.0	258	-.100	359	+12.99	26	117.8	15	104.8	60	-2.11	256
82	Butler	BE	16-15	+9.81	116.4	75	106.6	114	68.7	110	-.023	247	+10.08	68	114.3	70	104.2	36	-2.67	267
83	George Washington	A10	17-14	+9.76	118.2	58	108.4	149	69.2	86	-.148	365	+1.31	128	109.6	157	108.3	123	-2.59	265
84	Colorado St.	MWC	20-11	+9.68	120.0	48	110.4	195	62.9	361	+.041	79	+4.81	96	112.8	86	108.0	117	-2.04	253
85	Marquette	BE	12-19	+9.67	111.9	128	102.2	47	68.7	111	-.100	360	+11.28	46	115.7	49	104.4	47	+1.88	133
86	Georgetown	BE	14-17	+9.67	115.0	89	105.3	94	66.4	233	-.066	331	+10.02	69	114.1	73	104.1	31	-4.10	293
87	Hofstra	CAA	23-10	+9.66	114.9	90	105.2	93	64.7	321	-.060	325	-0.48	168	108.6	215	109.1	152	+3.60	102
88	Wichita St.	Amer	21-10	+9.40	113.1	109	103.7	72	66.3	240	-.044	303	+0.63	143	110.1	133	109.5	168	-2.07	254
89	Stephen F. Austin	Slnd	27-4	+9.34	113.8	104	104.4	79	66.0	264	-.005	200	-4.11	255	106.2	292	110.3	195	-3.48	285
90	Utah Valley	WAC	24-7	+9.31	113.6	105	104.3	77	69.0	92	+.042	75	-0.26	164	107.6	262	107.9	114	+3.00	114
91	Miami OH	MAC	31-0	+8.95	116.8	70	107.9	138	70.1	43	+.116	11	-5.19	272	107.7	259	112.9	310	-9.49	361
92	Notre Dame	ACC	13-18	+8.86	115.8	81	107.0	121	66.0	261	-.059	324	+11.02	55	115.2	59	104.2	37	+1.54	145
93	High Point	BSth	30-4	+8.48	117.4	62	108.9	160	70.0	52	+.048	60	-8.82	342	104.1	332	112.9	315	-8.42	354
94	George Mason	A10	23-8	+8.04	114.2	100	106.1	107	63.4	348	+.067	37	+0.60	146	110.0	134	109.4	167	-7.49	345
95	South Carolina	SEC	13-18	+7.86	112.4	118	104.6	82	66.5	230	-.057	318	+10.96	57	116.9	26	106.0	75	-8.45	355
96	Xavier	BE	14-17	+7.75	116.6	73	108.9	156	70.2	41	-.003	195	+11.22	48	114.4	68	103.2	8	+1.49	148
97	Oregon	B10	12-19	+7.70	112.3	121	104.6	84	66.0	257	-.030	273	+13.22	23	117.1	23	103.9	29	+1.84	135
98	Wyoming	MWC	18-13	+7.63	115.5	82	107.8	137	66.3	244	-.009	215	+4.15	98	112.3	91	108.1	120	-4.89	304
99	Pittsburgh	ACC	12-19	+7.56	113.1	108	105.6	99	63.7	344	-.079	343	+10.84	60	115.1	62	104.3	40	+0.95	167
100	Mississippi St.	SEC	13-18	+7.28	113.6	107	106.3	109	69.6	67	+.001	180	+13.11	24	117.7	16	104.6	52	+0.84	172
101	Kansas St.	B12	12-19	+7.17	113.1	110	105.9	104	72.6	7	-.069	334	+13.05	25	116.3	36	103.3	12	+0.36	185
102	DePaul	BE	16-15	+7.00	107.9	199	100.9	38	66.4	239	-.004	196	+8.05	77	113.8	77	105.7	74	-9.71	362
103	Illinois St.	MVC	20-12	+6.64	110.8	145	104.1	76	66.7	219	-.009	213	+1.66	120	110.4	124	108.7	144	-2.51	261
104	UNLV	MWC	16-15	+6.34	116.0	80	109.7	179	70.1	48	-.010	216	+6.36	84	112.7	87	106.4	85	+1.43	149
105	Illinois Chicago	MVC	19-15	+6.16	110.7	147	104.6	83	66.4	235	-.061	328	+1.92	116	110.5	118	108.6	138	-2.10	255
106	UC Irvine	BW	22-10	+6.04	104.2	269	98.2	24	68.4	122	-.007	211	-0.69	174	109.0	190	109.7	172	+0.88	170
107	Davidson	A10	19-12	+5.92	110.7	148	104.8	89	63.8	342	+.029	112	+2.62	108	110.4	122	107.8	112	+0.17	192
108	Sam Houston St.	CUSA	21-10	+5.90	115.0	86	109.1	164	70.2	40	-.003	194	+0.09	156	109.9	140	109.9	178	+6.29	52
109	St. Thomas	Sum	24-9	+5.88	114.3	97	108.4	147	68.3	126	-.034	283	-5.33	276	107.7	258	113.1	321	-0.60	211
110	UNC Wilmington	CAA	26-6	+5.83	112.2	123	106.3	110	65.1	304	+.028	118	-4.70	266	106.9	281	111.6	244	-8.00	349
111	Pacific	WCC	18-15	+5.49	111.0	139	105.5	96	64.3	331	-.020	236	+3.33	105	111.0	107	107.6	105	+0.33	188
112	Cal Baptist	WAC	23-8	+5.45	108.2	189	102.8	54	65.7	272	+.084	22	-1.89	210	107.3	273	109.1	157	-2.91	273
113	UC San Diego	BW	22-10	+5.30	109.0	178	103.7	70	67.3	183	+.004	171	-0.74	176	108.3	239	109.0	148	+0.58	179
114	North Dakota St.	Sum	27-7	+5.13	112.0	125	106.9	119	66.4	238	+.040	84	-5.49	282	106.9	280	112.4	293	-0.61	212
115	Hawaii	BW	22-8	+5.04	107.3	215	102.2	48	69.8	57	+.028	114	-3.54	241	107.0	277	110.6	204	-10.77	364
116	Liberty	CUSA	25-6	+4.65	118.3	57	113.7	260	63.9	340	+.157	2	-1.45	196	108.0	248	109.4	166	+1.13	161
117	Southern Illinois	MVC	16-16	+4.62	104.1	272	99.5	29	69.0	102	-.094	353	+2.21	114	110.4	126	108.2	121	+0.40	184
118	Seattle	WCC	20-13	+4.58	102.5	297	97.9	22	67.7	162	+.017	139	+2.04	115	111.1	103	109.1	154	-3.09	277
119	UT Rio Grande Valley	Slnd	19-13	+4.37	111.6	131	107.2	126	66.5	226	-.043	300	-1.47	198	108.1	245	109.5	170	+8.71	25
120	San Francisco	WCC	17-16	+4.30	114.0	101	109.7	180	66.0	259	-.006	203	+4.54	97	111.3	101	106.8	93	+0.76	175
Strength of Schedule	NCSOS
Rk	Team	Conf	W-L	NetRtg	ORtg	DRtg	AdjT	Luck	NetRtg	ORtg	DRtg	NetRtg
121	Murray St.	MVC	20-12	+4.15	116.5	74	112.3	235	71.6	17	+.043	74	+1.54	124	110.2	130	108.7	142	-3.38	283
122	Saint Joseph's	A10	21-10	+4.04	107.0	221	103.0	57	68.3	125	+.093	18	+1.00	138	109.4	170	108.4	130	-4.63	302
123	Bradley	MVC	21-12	+4.00	112.0	126	108.0	140	67.4	182	+.039	85	+1.05	137	109.4	167	108.4	128	-5.02	305
124	UAB	Amer	20-11	+3.97	109.9	163	106.0	105	69.1	89	+.020	129	-0.40	166	109.1	182	109.5	169	-5.05	307
125	UC Santa Barbara	BW	18-13	+3.46	114.4	95	110.9	207	64.1	338	-.058	322	-0.90	180	107.8	257	108.7	143	-0.28	200
126	Utah	B12	10-21	+3.45	114.7	92	111.3	213	66.1	253	-.007	207	+12.17	33	116.3	37	104.1	32	+0.35	186
127	Florida Atlantic	Amer	17-14	+3.43	110.5	151	107.1	123	69.6	68	-.034	285	+2.28	113	110.8	113	108.5	137	+3.24	109
128	Maryland	B10	11-20	+3.36	111.3	137	107.9	139	66.1	252	+.014	145	+14.95	9	117.9	12	103.0	5	+1.71	138
129	Rutgers	B10	13-18	+3.32	111.0	141	107.7	134	66.6	225	+.037	96	+11.02	54	115.3	57	104.3	39	-7.22	342
130	Memphis	Amer	13-18	+3.22	107.7	206	104.4	80	70.2	39	-.050	308	+5.97	87	113.0	84	107.0	95	+10.85	18
131	Fresno St.	MWC	13-18	+3.14	107.9	198	104.8	86	68.3	128	-.069	335	+5.01	94	112.7	88	107.7	106	-2.52	262
132	Montana St.	BSky	18-14	+3.01	111.1	138	108.1	141	66.0	262	-.083	346	+0.37	151	111.1	104	110.7	207	+6.77	46
133	Duquesne	A10	17-14	+2.92	110.7	149	107.8	135	69.1	87	-.011	217	+2.37	112	110.8	114	108.4	132	-6.01	322
134	Rhode Island	A10	16-15	+2.88	106.1	231	103.2	60	66.0	260	-.039	294	+1.07	135	110.0	138	108.9	146	-5.07	309
135	Toledo	MAC	17-14	+2.65	115.0	88	112.3	236	67.9	141	-.065	330	-0.99	183	109.9	141	110.9	219	+2.44	121
136	Washington St.	WCC	12-20	+2.39	114.2	98	111.8	221	67.9	148	-.094	352	+5.47	91	111.5	100	106.0	77	+5.40	72
137	Penn St.	B10	12-19	+2.31	114.5	94	112.2	231	67.5	174	-.005	198	+10.89	59	116.1	42	105.2	65	-6.85	335
138	Wright St.	Horz	22-11	+2.10	113.1	111	111.0	209	67.2	190	-.002	190	-3.72	245	109.8	149	113.6	340	+1.22	156
139	North Texas	Amer	18-13	+2.04	103.9	275	101.9	43	64.8	315	+.011	152	+0.74	142	110.2	131	109.4	164	+0.21	191
140	Northern Colorado	BSky	20-12	+1.97	112.5	117	110.5	198	68.8	106	-.024	251	-1.69	205	109.6	154	111.3	235	+0.21	190
141	Portland St.	BSky	20-10	+1.86	104.0	274	102.2	46	67.9	146	+.025	123	-1.62	202	110.4	125	112.0	270	+1.88	134
142	Navy	PL	26-7	+1.85	107.6	208	105.8	101	65.1	301	+.053	58	-11.79	361	103.7	344	115.4	363	-9.17	359
143	Troy	SB	22-11	+1.73	110.9	142	109.2	166	64.9	311	+.024	125	-2.90	225	108.1	247	111.0	221	+4.54	83
144	Richmond	A10	15-16	+1.71	111.8	129	110.1	191	67.8	157	-.086	348	+0.52	148	109.8	150	109.3	163	-8.76	357
145	Robert Morris	Horz	22-11	+1.62	110.9	144	109.2	169	64.5	325	+.029	111	-4.27	257	109.4	169	113.7	344	-1.29	227
146	William & Mary	CAA	20-12	+1.56	111.3	135	109.7	185	72.6	5	+.024	124	-1.68	203	108.7	210	110.4	199	+0.78	174
147	Bowling Green	MAC	18-13	+1.52	107.4	213	105.9	103	68.4	123	-.079	344	-3.25	231	108.5	220	111.7	261	-5.91	320
148	Arkansas St.	SB	20-12	+1.39	110.9	143	109.5	175	72.0	11	+.008	167	-3.50	238	107.6	261	111.1	227	+3.11	111
149	Harvard	Ivy	17-11	+1.34	107.7	204	106.4	112	63.1	357	+.002	175	-3.24	230	108.3	240	111.5	241	-4.73	303
150	Central Arkansas	ASun	22-12	+1.22	110.4	154	109.2	167	68.0	139	+.041	80	-5.09	270	109.5	164	114.6	357	+5.98	58
151	Winthrop	BSth	23-11	+1.18	111.9	127	110.7	201	70.1	50	+.025	122	-4.40	259	107.4	271	111.8	262	+1.52	146
152	Towson	CAA	19-15	+1.17	106.1	234	104.9	90	63.5	345	+.012	151	-0.50	169	109.5	163	110.0	188	+3.44	105
153	Kent St.	MAC	23-8	+1.13	112.2	122	111.1	210	70.5	33	+.151	3	-2.71	223	109.6	161	112.3	285	-2.98	275
154	Boston College	ACC	11-20	+1.12	104.1	271	103.0	58	66.0	263	-.035	288	+6.98	81	113.5	79	106.5	89	-7.06	340
155	UC Davis	BW	18-13	+1.06	109.3	175	108.3	143	68.3	124	+.038	92	-0.08	160	108.4	228	108.5	134	+2.12	130
156	UT Arlington	WAC	17-13	+1.02	103.1	287	102.0	45	65.0	308	+.037	94	+0.93	141	109.2	176	108.3	124	+3.74	99
157	Cornell	Ivy	15-12	+1.00	119.8	50	118.8	336	71.6	15	-.026	257	-1.43	195	108.3	236	109.8	174	-0.35	203
158	Valparaiso	MVC	18-15	+0.96	108.4	185	107.4	131	65.2	299	+.041	81	+1.14	133	109.6	156	108.5	135	-5.73	318
159	St. Bonaventure	A10	15-16	+0.91	113.8	103	112.8	246	67.2	191	-.042	298	+1.51	125	109.6	155	108.1	119	-4.16	295
160	Loyola Marymount	WCC	15-17	+0.83	106.8	222	106.0	106	67.0	203	-.045	304	+1.06	136	110.2	132	109.1	155	-5.24	313
Strength of Schedule	NCSOS
Rk	Team	Conf	W-L	NetRtg	ORtg	DRtg	AdjT	Luck	NetRtg	ORtg	DRtg	NetRtg
161	Temple	Amer	16-15	+0.71	112.7	115	112.0	226	65.1	305	-.062	329	-1.34	193	108.0	252	109.3	162	-2.53	263
162	Penn	Ivy	16-11	+0.70	107.8	200	107.1	125	69.3	81	+.044	70	-0.79	177	109.3	172	110.1	189	+0.93	169
163	Georgia Tech	ACC	11-20	+0.65	108.2	193	107.5	132	70.7	26	-.039	296	+6.65	83	112.2	92	105.6	71	-9.39	360
164	Idaho	BSky	19-14	+0.60	109.2	176	108.6	153	67.6	173	-.022	245	-1.28	188	109.9	148	111.2	229	+1.13	160
165	Eastern Washington	BSky	14-18	+0.56	113.9	102	113.4	254	67.6	164	-.058	323	+1.11	134	110.6	117	109.4	165	+7.78	40
166	East Tennessee St.	SC	23-11	+0.48	110.0	159	109.5	174	66.1	251	-.021	240	-7.64	319	107.1	276	114.8	359	-3.92	289
167	Western Kentucky	CUSA	18-13	+0.37	108.5	183	108.2	142	69.7	63	+.017	136	-0.62	173	110.0	136	110.7	206	+1.68	141
168	Fordham	A10	17-14	+0.36	105.1	256	104.7	85	64.5	326	-.044	301	-2.34	215	108.0	249	110.3	196	-15.83	365
169	Cal St. Fullerton	BW	17-15	+0.29	110.6	150	110.3	194	72.6	6	+.046	65	+1.54	122	110.0	139	108.4	133	+6.78	45
170	Oakland	Horz	16-16	+0.17	115.4	83	115.2	293	69.9	55	+.016	140	+0.20	154	110.9	110	110.7	208	+17.59	1
171	Middle Tennessee	CUSA	17-14	-0.00	109.3	174	109.4	171	65.6	275	+.018	134	+1.19	130	110.3	128	109.1	151	+11.54	14
172	Charleston	CAA	21-11	-0.17	108.3	186	108.5	150	67.7	161	+.105	13	-1.72	207	109.4	168	111.1	228	-1.31	228
173	Merrimack	MAAC	23-10	-0.19	107.6	207	107.8	136	63.4	350	+.126	6	-5.53	283	105.5	303	111.0	223	+3.81	97
174	Austin Peay	ASun	22-9	-0.34	108.2	191	108.5	152	69.5	73	+.033	104	-6.30	294	108.9	199	115.2	361	+2.27	128
175	Texas A&M Corpus Chris	Slnd	18-14	-0.44	105.4	255	105.8	102	66.2	248	+.018	135	-0.06	159	109.1	187	109.1	156	+16.95	2
176	Oregon St.	WCC	17-16	-0.58	109.4	169	110.0	188	65.1	302	+.097	15	+3.51	102	110.8	115	107.2	96	-1.32	230
177	Northern Kentucky	Horz	20-14	-0.59	109.7	165	110.3	193	70.2	36	-.022	243	-4.05	254	110.5	120	114.5	356	-3.74	287
178	CSUN	BW	19-13	-0.62	108.3	188	108.9	157	73.8	2	+.078	29	-0.09	161	108.6	212	108.7	145	+1.31	154
179	Monmouth	CAA	19-14	-0.88	106.4	228	107.2	127	67.1	198	+.023	126	-2.55	220	107.5	267	110.0	185	-3.34	282
180	Kennesaw St.	CUSA	18-13	-0.99	109.9	162	110.9	205	71.4	19	-.009	214	-2.27	214	108.5	219	110.8	210	-5.06	308
181	Campbell	CAA	16-18	-1.41	111.5	133	112.9	249	69.8	59	+.009	162	+1.17	132	109.7	153	108.5	136	+8.04	36
182	Montana	BSky	17-15	-1.46	107.5	210	109.0	162	69.4	76	+.041	78	+0.12	155	111.0	108	110.8	216	+5.79	62
183	Queens	ASun	21-13	-1.49	116.0	79	117.5	325	69.7	64	+.067	38	-5.36	279	108.8	207	114.1	354	+5.95	60
184	Utah Tech	WAC	18-14	-1.53	111.0	140	112.6	242	66.0	256	+.096	17	+1.18	131	108.1	246	106.9	94	+4.08	93
185	New Mexico St.	CUSA	15-15	-1.69	110.2	158	111.8	222	66.9	209	-.068	333	-1.24	187	108.5	221	109.7	173	+1.06	164
186	Tennessee St.	OVC	23-9	-1.81	109.4	173	111.2	211	70.3	35	+.070	36	-7.91	324	103.7	343	111.6	248	+5.96	59
187	Furman	SC	22-12	-1.90	107.8	202	109.7	178	65.9	266	+.010	159	-5.87	291	108.6	214	114.5	355	-0.24	199
188	Columbia	Ivy	16-12	-1.92	108.8	181	110.8	203	66.7	222	+.012	150	-3.09	227	108.5	217	111.6	249	-5.05	306
189	Mercer	SC	19-13	-1.92	112.1	124	114.0	265	69.0	100	-.021	238	-5.00	269	108.7	208	113.7	345	+4.33	89
190	FIU	CUSA	15-16	-1.95	107.7	203	109.7	182	71.8	12	-.039	295	-0.92	181	109.1	188	110.0	183	+0.24	189
191	New Orleans	Slnd	15-18	-2.14	109.9	161	112.1	230	69.8	61	+.038	93	+0.94	139	108.8	203	107.9	115	+14.52	5
192	Charlotte	Amer	15-16	-2.26	112.8	114	115.0	288	63.4	347	+.010	158	+0.41	149	109.7	152	109.3	160	-0.45	208
193	Appalachian St.	SB	19-13	-2.38	106.1	230	108.5	151	63.0	359	+.015	143	-5.24	274	107.4	270	112.6	302	-3.05	276
194	Weber St.	BSky	16-16	-2.59	111.8	130	114.4	276	68.6	116	-.031	276	-1.57	201	108.8	202	110.4	200	-0.73	216
195	Drake	MVC	14-20	-2.61	110.2	157	112.9	247	67.3	186	-.060	326	+2.40	111	109.8	151	107.4	101	-3.76	288
196	Siena	MAAC	22-11	-2.68	107.6	209	110.3	192	64.6	323	+.002	177	-9.40	350	103.3	353	112.7	304	-7.42	343
197	Portland	WCC	15-19	-2.81	106.3	229	109.2	165	68.5	119	+.064	43	+4.07	100	111.7	97	107.7	107	+1.10	163
198	Lipscomb	ASun	19-13	-2.82	107.2	217	110.0	186	69.4	77	+.044	69	-4.88	268	109.2	181	114.0	349	+5.08	76
199	UMBC	AE	22-8	-2.84	107.7	205	110.5	199	66.2	247	+.048	62	-14.40	365	101.1	365	115.5	364	-6.81	334
200	Indiana St.	MVC	11-21	-2.90	106.5	225	109.4	173	68.1	136	-.110	363	+1.54	123	109.0	191	107.4	102	-5.37	314
Strength of Schedule	NCSOS
Rk	Team	Conf	W-L	NetRtg	ORtg	DRtg	AdjT	Luck	NetRtg	ORtg	DRtg	NetRtg
201	Massachusetts	MAC	16-15	-2.92	108.9	180	111.8	219	70.1	47	-.057	319	-4.02	253	107.7	260	111.7	257	-6.27	328
202	Howard	MEAC	21-10	-3.01	103.9	276	106.9	120	69.1	88	-.023	246	-13.47	364	101.2	364	114.7	358	-1.34	232
203	Marist	MAAC	19-12	-3.06	99.8	331	102.8	56	66.4	237	-.027	261	-8.59	338	104.4	320	113.0	319	-7.02	339
204	Jacksonville St.	CUSA	15-16	-3.18	105.7	240	108.9	161	65.4	289	-.050	309	-2.71	222	108.2	242	110.9	217	-6.02	323
205	Marshall	SB	19-13	-3.18	112.4	120	115.5	298	69.3	79	+.034	101	-3.89	249	107.8	256	111.7	254	-0.75	218
206	South Alabama	SB	21-11	-3.19	107.2	216	110.4	196	64.7	322	+.058	49	-5.77	289	106.5	287	112.2	281	-5.09	310
207	Buffalo	MAC	17-14	-3.25	113.1	112	116.3	308	66.5	232	-.015	226	-3.91	250	107.5	266	111.5	238	-6.56	331
208	Louisiana Tech	CUSA	18-13	-3.31	102.2	303	105.5	95	64.5	324	+.040	82	-2.95	226	108.3	234	111.3	233	-6.86	336
209	Green Bay	Horz	18-15	-3.50	112.8	113	116.3	307	62.9	360	+.064	40	-1.79	208	110.5	119	112.3	284	+6.67	49
210	Tulane	Amer	17-14	-3.66	108.0	194	111.7	216	67.0	204	+.125	7	+0.62	145	108.8	201	108.2	122	-3.31	281
211	Cal Poly	BW	14-18	-3.85	109.9	160	113.8	262	74.1	1	+.009	165	+1.44	126	109.2	179	107.7	109	+5.48	68
212	Samford	SC	18-14	-3.86	109.9	164	113.8	261	67.3	185	+.009	163	-5.55	284	108.5	226	114.0	347	+0.68	176
213	James Madison	SB	18-15	-3.90	109.4	172	113.3	253	66.0	255	+.017	137	-4.55	262	107.0	278	111.6	245	-2.30	260
214	Missouri St.	CUSA	14-17	-3.94	108.2	190	112.2	233	65.9	267	-.057	320	-1.47	197	108.4	229	109.8	176	-0.75	217
215	Tarleton St.	WAC	14-17	-3.97	104.4	267	108.4	146	69.0	93	-.031	277	+1.38	127	108.6	211	107.3	97	+4.35	88
216	Youngstown St.	Horz	15-17	-3.99	105.7	241	109.7	184	67.3	188	-.092	351	-3.51	239	109.9	142	113.4	338	-1.45	236
217	LIU	NEC	23-10	-4.07	105.6	247	109.7	177	67.8	152	+.102	14	-9.45	351	104.2	331	113.6	343	+2.46	119
218	Quinnipiac	MAAC	19-13	-4.22	104.5	265	108.7	155	69.9	53	+.027	119	-7.09	308	104.5	319	111.5	243	+1.71	137
219	Southern Miss	SB	19-16	-4.23	105.5	253	109.7	181	69.3	78	+.043	73	-3.40	236	107.6	264	111.0	222	+1.32	152
220	Detroit Mercy	Horz	17-14	-4.24	108.9	179	113.2	250	68.8	105	+.082	25	-2.24	213	109.9	144	112.2	278	+7.99	39
221	South Dakota St.	Sum	14-18	-4.30	108.3	187	112.6	243	66.8	214	-.117	364	-2.76	224	108.1	243	110.9	218	+2.90	115
222	Drexel	CAA	17-16	-4.64	102.7	295	107.3	129	64.3	332	+.003	174	-4.02	252	106.8	283	110.8	212	-7.59	346
223	Tennessee Martin	OVC	22-11	-4.90	100.7	321	105.6	98	64.2	337	+.048	63	-8.53	336	103.3	352	111.8	263	+0.34	187
224	San Diego	WCC	12-21	-4.97	108.5	184	113.5	257	68.1	137	+.003	173	+2.59	109	110.0	135	107.5	103	-2.02	252
225	La Salle	A10	9-22	-5.17	105.6	244	110.8	204	65.6	280	-.029	270	+5.65	90	111.7	99	106.0	76	+4.40	86
226	Rice	Amer	13-18	-5.23	108.8	182	114.0	266	65.6	277	+.009	161	+0.01	157	109.2	175	109.2	159	-1.76	244
227	Ohio	MAC	15-16	-5.28	108.2	192	113.5	256	68.8	104	+.032	106	-1.19	186	109.2	173	110.4	202	+1.24	155
228	Stony Brook	CAA	17-15	-5.46	105.5	252	111.0	208	66.3	243	+.064	42	-2.54	219	107.3	272	109.8	175	-3.93	290
229	Western Carolina	SC	15-16	-5.50	109.5	168	115.0	286	67.8	151	-.015	225	-3.62	243	109.2	180	112.8	306	+10.22	19
230	Elon	CAA	14-18	-5.63	110.4	155	116.0	302	66.9	213	-.030	274	-1.98	211	108.8	206	110.8	209	-2.66	266
231	Southeast Missouri	OVC	20-13	-5.85	102.4	298	108.3	144	68.9	103	+.031	107	-7.73	321	104.4	325	112.1	274	+4.78	80
232	Vermont	AE	21-11	-5.86	107.4	212	113.3	252	65.0	307	+.000	184	-10.72	357	103.4	349	114.1	353	-1.99	251
233	Long Beach St.	BW	10-22	-5.88	105.7	242	111.6	214	68.6	115	-.030	272	+1.22	129	109.1	184	107.9	113	+4.64	81
234	Denver	Sum	15-17	-5.95	116.2	77	122.2	358	67.9	142	+.007	168	-1.31	190	109.5	165	110.8	211	+8.30	29
235	Georgia Southern	SB	21-16	-6.08	110.5	152	116.6	311	70.1	46	+.057	51	-5.49	281	106.2	293	111.7	252	-6.39	329
236	San Jose St.	MWC	8-23	-6.10	111.6	132	117.7	326	64.9	312	-.019	235	+7.05	79	113.3	80	106.2	81	+2.30	127
237	Nicholls	Slnd	14-19	-6.20	106.0	237	112.2	234	68.2	130	+.044	67	+0.24	153	108.9	200	108.6	139	+10.03	20
238	Bethune Cookman	SWAC	17-14	-6.21	103.9	277	110.1	190	69.3	80	+.084	21	-6.71	301	105.5	304	112.2	277	+14.16	6
239	Lamar	Slnd	12-19	-6.25	103.3	285	109.5	176	65.6	274	-.089	349	-2.36	216	107.6	265	109.9	180	-0.28	201
240	Eastern Michigan	MAC	10-21	-6.38	102.0	305	108.4	148	66.5	227	-.096	355	-0.20	162	110.2	129	110.4	203	+2.22	129
Strength of Schedule	NCSOS
Rk	Team	Conf	W-L	NetRtg	ORtg	DRtg	AdjT	Luck	NetRtg	ORtg	DRtg	NetRtg
241	American	PL	16-16	-6.39	105.8	239	112.2	232	66.7	221	-.024	253	-7.62	318	105.7	301	113.3	331	+0.79	173
242	Charleston Southern	BSth	15-17	-6.41	106.1	233	112.5	239	71.6	16	-.090	350	-6.02	292	106.4	290	112.4	291	-5.10	311
243	Florida Gulf Coast	ASun	16-18	-6.64	105.8	238	112.4	237	67.6	166	-.029	266	-5.59	285	108.5	225	114.0	350	+0.41	183
244	Texas St.	SB	19-13	-6.66	104.3	268	110.9	206	66.1	254	+.084	24	-6.54	298	105.7	300	112.3	286	-8.81	358
245	UNC Asheville	BSth	15-17	-6.68	105.1	257	111.7	218	64.8	314	-.016	227	-3.35	232	108.4	231	111.7	259	+1.52	147
246	Abilene Christian	WAC	13-18	-6.73	100.9	319	107.6	133	67.5	178	+.026	120	+0.94	140	108.9	192	108.0	116	+1.32	153
247	Coastal Carolina	SB	19-13	-6.87	102.0	304	108.9	158	66.9	212	+.132	4	-4.65	264	107.2	274	111.9	265	-1.84	248
248	Old Dominion	SB	12-21	-6.90	106.4	227	113.3	251	69.0	97	-.073	339	-2.64	221	108.7	209	111.4	236	+5.26	73
249	Idaho St.	BSky	13-20	-7.01	109.7	166	116.7	313	65.6	278	-.035	289	-0.26	165	109.6	159	109.8	177	+3.84	95
250	Colgate	PL	18-15	-7.06	107.9	197	115.0	287	66.9	208	+.044	68	-6.71	302	106.6	285	113.3	329	+5.43	70
251	Princeton	Ivy	9-20	-7.07	105.6	246	112.7	244	63.5	346	-.077	342	-0.57	171	109.6	158	110.2	192	-0.18	196
252	Southern Utah	WAC	10-21	-7.09	107.3	214	114.4	280	70.2	37	-.046	305	+2.55	110	109.2	174	106.7	92	+6.10	55
253	Boston University	PL	17-16	-7.28	112.6	116	119.8	345	63.2	354	-.023	249	-8.37	334	104.6	316	113.0	318	-4.45	299
254	Wofford	SC	19-13	-7.30	109.4	171	116.7	315	67.9	150	+.073	31	-7.25	310	108.4	227	115.7	365	-4.04	292
255	East Carolina	Amer	11-20	-7.43	103.8	278	111.2	212	68.7	109	-.006	201	-0.21	163	110.0	137	110.2	193	-2.72	269
256	Saint Peter's	MAAC	17-12	-7.56	103.2	286	110.7	202	65.6	279	+.066	39	-7.72	320	104.4	323	112.1	276	-0.91	221
257	SIUE	OVC	19-13	-7.61	99.8	330	107.4	130	64.4	327	-.007	209	-10.48	355	102.8	358	113.3	328	-7.45	344
258	Radford	BSth	16-16	-7.65	106.5	224	114.2	272	70.6	28	-.036	291	-6.80	304	106.3	291	113.1	322	-6.11	326
259	Iona	MAAC	18-14	-7.71	104.2	270	111.9	223	68.8	107	+.041	77	-8.34	332	104.4	322	112.8	305	-2.68	268
260	UC Riverside	BW	10-22	-7.79	104.1	273	111.9	224	68.6	117	-.048	307	+1.81	117	109.9	147	108.1	118	+6.70	47
261	Purdue Fort Wayne	Horz	17-15	-7.85	105.6	248	113.4	255	67.7	158	+.118	9	-1.48	199	110.9	112	112.4	290	+8.03	38
262	Nebraska Omaha	Sum	16-17	-7.97	106.4	226	114.4	278	67.1	199	+.033	103	-2.44	217	109.0	189	111.5	240	+3.57	104
263	Pepperdine	WCC	9-23	-8.07	105.5	249	113.6	258	68.6	113	-.018	231	+3.35	104	110.7	116	107.3	98	-1.81	247
264	Fairfield	MAAC	21-13	-8.15	106.0	236	114.2	269	67.0	202	+.078	28	-9.35	348	103.3	354	112.6	301	-8.37	353
265	Sacramento St.	BSky	10-21	-8.31	106.0	235	114.3	274	71.8	13	-.022	244	+1.76	118	111.0	105	109.3	161	+9.22	23
266	Incarnate Word	Slnd	12-19	-8.42	109.0	177	117.5	321	65.5	285	-.028	264	-1.11	185	108.0	251	109.1	150	+7.19	42
267	Lindenwood	OVC	18-15	-8.51	100.8	320	109.3	170	72.4	8	+.017	138	-8.55	337	103.5	347	112.1	273	+2.34	124
268	Milwaukee	Horz	12-20	-8.85	106.6	223	115.5	297	67.4	181	+.013	148	-1.32	191	111.0	106	112.3	287	+6.84	44
269	Presbyterian	BSth	15-18	-9.03	103.5	281	112.5	241	64.2	336	-.020	237	-4.56	263	107.4	268	112.0	269	-1.65	241
270	Central Michigan	MAC	10-21	-9.10	106.1	232	115.2	292	67.1	194	-.098	357	-1.34	192	108.8	204	110.1	191	+1.61	143
271	Longwood	BSth	16-16	-9.12	103.7	279	112.9	248	68.5	121	-.036	290	-8.07	327	104.9	310	112.9	316	-10.37	363
272	Hampton	CAA	13-19	-9.12	102.8	294	111.9	225	65.4	290	-.013	224	-3.36	235	106.8	284	110.1	190	-7.02	338
273	Western Michigan	MAC	10-21	-9.24	108.0	195	117.2	318	67.7	160	-.036	292	-0.97	182	108.9	197	109.9	179	-1.78	245
274	Dartmouth	Ivy	11-16	-9.30	105.0	258	114.3	275	69.5	70	+.000	183	-1.89	209	108.9	194	110.8	215	-4.11	294
275	Southern	SWAC	15-16	-9.50	104.5	264	114.0	267	70.5	32	+.043	72	-5.36	278	106.2	294	111.5	242	+15.50	3
276	North Dakota	Sum	18-17	-9.56	107.1	220	116.6	312	67.3	189	+.111	12	-3.36	234	108.3	235	111.7	255	-0.28	202
277	UTEP	CUSA	11-20	-9.57	101.1	311	110.7	200	65.5	281	+.010	156	-0.03	158	109.1	185	109.1	153	+3.72	101
278	Mount St. Mary's	MAAC	15-17	-9.62	99.6	333	109.2	168	67.6	170	+.028	116	-6.92	306	104.8	311	111.7	258	+1.11	162
279	Bellarmine	ASun	13-19	-9.65	116.8	71	126.4	365	64.7	320	-.013	223	-4.44	261	108.9	198	113.3	332	+2.77	117
280	Northwestern St.	Slnd	10-22	-10.14	102.5	296	112.7	245	64.8	319	-.013	221	-0.55	170	108.1	244	108.6	140	+8.24	32
Strength of Schedule	NCSOS
Rk	Team	Conf	W-L	NetRtg	ORtg	DRtg	AdjT	Luck	NetRtg	ORtg	DRtg	NetRtg
281	South Dakota	Sum	16-16	-10.31	104.5	263	114.8	285	69.9	54	+.056	53	-5.42	280	107.4	269	112.8	308	-3.44	284
282	Morehead St.	OVC	20-13	-10.36	107.1	218	117.5	324	65.4	291	+.160	1	-6.71	300	104.4	324	111.1	226	+6.58	50
283	Northeastern	CAA	7-24	-10.50	107.8	201	118.3	330	69.6	66	-.061	327	-1.35	194	108.6	216	109.9	182	-0.39	206
284	Mercyhurst	NEC	17-16	-10.55	101.3	310	111.8	220	64.8	316	-.006	205	-10.98	359	102.8	357	113.8	346	+0.57	180
285	Southeastern Louisiana	Slnd	9-22	-10.58	99.8	325	110.4	197	65.5	283	-.006	202	-0.57	172	108.5	223	109.0	149	+5.42	71
286	East Texas A&M	Slnd	11-21	-10.79	100.9	318	111.7	217	68.2	132	+.001	181	-0.47	167	108.5	218	109.0	147	+6.98	43
287	Brown	Ivy	9-18	-10.82	98.2	342	109.0	163	66.5	229	-.050	310	-3.57	242	108.3	238	111.9	266	-8.34	352
288	North Carolina A&T	CAA	11-19	-10.92	105.5	250	116.4	310	68.6	118	-.023	248	-3.35	233	107.8	255	111.2	231	-8.59	356
289	Houston Christian	Slnd	12-20	-11.12	103.1	288	114.2	270	64.4	328	+.034	99	-2.08	212	108.0	250	110.0	187	-0.65	214
290	Lehigh	PL	17-16	-11.20	102.8	292	114.0	264	67.0	201	+.088	19	-8.10	329	105.3	307	113.4	337	-0.22	198
291	Ball St.	MAC	12-19	-11.34	98.7	339	110.1	189	63.7	343	-.005	199	-3.74	248	108.5	222	112.2	280	-6.09	325
292	Delaware	CUSA	10-21	-11.36	104.6	262	116.0	301	63.2	355	+.006	169	-2.52	218	107.8	254	110.4	197	-6.66	332
293	Loyola Chicago	A10	8-23	-11.41	103.3	282	114.7	282	65.8	271	+.062	45	+3.15	107	110.9	111	107.7	111	-4.43	297
294	Grambling St.	SWAC	14-18	-11.43	97.5	344	108.9	159	67.6	171	-.042	299	-8.60	339	103.8	339	112.4	296	+2.40	122
295	Jacksonville	ASun	12-20	-11.48	103.3	284	114.8	283	63.4	349	-.030	271	-3.74	247	109.4	171	113.1	323	+5.63	65
296	Sacred Heart	MAAC	14-19	-11.50	107.5	211	119.0	337	68.5	120	+.001	179	-7.15	309	104.5	318	111.7	253	-1.67	242
297	Eastern Kentucky	ASun	11-21	-11.67	109.4	170	121.1	350	67.3	184	-.017	229	-3.73	246	109.2	177	112.9	313	+3.37	106
298	Le Moyne	NEC	15-17	-11.85	102.3	301	114.1	268	69.6	69	-.018	232	-10.34	354	103.0	356	113.3	335	-1.50	237
299	UNC Greensboro	SC	15-19	-12.15	108.0	196	120.1	347	67.7	159	+.056	54	-5.75	288	108.3	232	114.1	351	-0.50	209
300	Chattanooga	SC	13-19	-12.21	105.6	245	117.9	328	67.3	187	-.029	267	-6.67	299	108.2	241	114.9	360	-2.23	259
301	Alabama A&M	SWAC	17-14	-12.24	104.9	259	117.2	317	65.5	288	+.053	56	-10.53	356	102.5	360	113.0	320	-1.89	249
302	USC Upstate	BSth	13-19	-12.40	99.2	337	111.6	215	67.6	172	+.025	121	-5.23	273	106.5	286	111.7	260	-1.17	225
303	Stetson	ASun	12-21	-12.56	105.5	251	118.1	329	66.7	220	+.008	166	-3.53	240	108.9	193	112.5	297	+5.13	75
304	West Georgia	ASun	15-17	-12.56	101.8	307	114.4	277	69.2	83	+.072	32	-6.36	295	109.1	183	115.4	362	+0.62	178
305	Central Connecticut	NEC	18-12	-12.77	104.9	260	117.7	327	65.1	303	+.116	10	-10.83	358	102.5	359	113.4	336	-1.79	246
306	Wagner	NEC	14-17	-12.80	102.8	293	115.6	299	65.5	286	-.001	185	-8.78	341	103.6	346	112.4	292	+6.12	54
307	Evansville	MVC	7-25	-12.81	102.2	302	115.0	289	67.0	200	-.011	220	+4.90	95	111.3	102	106.4	84	+4.16	92
308	Texas Southern	SWAC	12-17	-12.87	102.4	299	115.2	294	68.6	114	-.025	254	-8.28	331	104.3	330	112.6	299	+12.96	11
309	Little Rock	OVC	12-20	-12.96	103.0	289	116.0	300	66.7	223	-.033	279	-6.12	293	103.9	338	110.0	184	+5.03	77
310	Georgia St.	SB	10-22	-12.96	99.5	335	112.5	240	67.9	149	-.040	297	-3.70	244	107.6	263	111.3	232	-0.13	195
311	Oral Roberts	Sum	10-23	-12.98	102.3	300	115.3	295	67.8	156	-.055	315	-1.49	200	109.9	146	111.4	237	+5.63	66
312	Prairie View A&M	SWAC	14-17	-13.06	101.1	312	114.2	273	72.0	10	-.013	222	-8.74	340	104.1	333	112.9	309	+9.20	24
313	Louisiana	SB	11-22	-13.27	100.4	322	113.6	259	63.3	353	+.033	105	-4.19	256	106.8	282	111.0	224	-1.58	238
314	Tennessee Tech	OVC	13-18	-13.36	102.8	291	116.1	304	66.9	211	-.028	263	-7.31	313	103.9	337	111.2	230	+3.26	108
315	Florida A&M	SWAC	14-15	-13.39	98.7	340	112.1	229	68.2	133	+.081	26	-8.09	328	104.5	317	112.6	300	+8.07	35
316	Arkansas Pine Bluff	SWAC	13-18	-13.41	103.3	283	116.7	314	69.1	90	+.038	88	-5.15	271	106.4	289	111.6	246	+14.69	4
317	IU Indy	Horz	7-25	-13.90	105.7	243	119.6	342	73.3	3	-.033	282	-3.13	228	109.4	166	112.5	298	-0.62	213
318	UMass Lowell	AE	15-17	-14.10	102.8	290	116.9	316	69.2	85	+.018	133	-9.36	349	103.8	341	113.1	324	+2.49	118
319	Alabama St.	SWAC	10-22	-14.39	99.4	336	113.8	263	69.5	72	-.071	338	-6.46	296	104.6	315	111.1	225	+8.67	27
320	Northern Arizona	BSky	10-22	-14.43	105.4	254	119.8	344	63.9	341	+.031	109	-0.70	175	109.9	143	110.6	205	+0.52	181
Strength of Schedule	NCSOS
Rk	Team	Conf	W-L	NetRtg	ORtg	DRtg	AdjT	Luck	NetRtg	ORtg	DRtg	NetRtg
321	Norfolk St.	MEAC	15-16	-14.59	101.7	308	116.3	309	67.9	144	-.009	212	-11.00	360	101.9	362	112.9	314	+0.84	171
322	Cleveland St.	Horz	11-22	-14.69	109.5	167	124.2	362	69.8	60	+.040	83	-1.70	206	110.3	127	112.0	268	+4.40	85
323	Loyola MD	PL	12-20	-14.84	104.4	266	119.3	339	68.2	129	-.027	262	-8.95	345	104.4	326	113.3	330	-6.45	330
324	Albany	AE	11-21	-14.90	103.6	280	118.5	332	65.2	297	-.086	347	-6.98	307	105.1	308	112.1	275	+4.60	82
325	Eastern Illinois	OVC	13-20	-14.92	97.1	347	112.0	227	65.7	273	+.037	97	-5.82	290	105.0	309	110.8	214	+12.52	12
326	Lafayette	PL	11-21	-15.23	101.0	316	116.2	306	66.8	216	+.009	164	-7.30	312	105.7	302	113.0	317	-0.39	205
327	Cal St. Bakersfield	BW	8-24	-15.41	102.0	306	117.4	320	70.2	42	+.012	149	+0.62	144	108.4	230	107.7	110	+0.62	177
328	New Haven	NEC	14-17	-16.11	96.4	351	112.5	238	63.3	352	+.041	76	-9.12	346	103.3	351	112.4	295	+3.27	107
329	Manhattan	MAAC	12-20	-16.48	104.7	261	121.1	351	67.9	145	+.053	57	-7.87	323	103.7	342	111.6	247	-2.57	264
330	Holy Cross	PL	11-22	-16.50	101.0	314	117.5	323	65.6	276	-.007	208	-6.80	303	106.5	288	113.2	327	+0.16	193
331	Bucknell	PL	10-23	-16.67	98.4	341	115.1	291	66.9	207	+.015	142	-5.69	287	107.2	275	112.9	312	+2.36	123
332	NJIT	AE	16-16	-16.87	97.3	345	114.2	271	67.9	143	+.126	5	-9.24	347	103.6	345	112.9	311	+1.34	151
333	Stonehill	NEC	12-21	-17.32	92.0	362	109.4	172	66.4	236	-.007	210	-10.00	352	103.3	350	113.3	333	-2.90	272
334	Northern Illinois	MAC	9-21	-17.33	97.2	346	114.5	281	67.5	177	+.014	146	-0.83	178	109.5	162	110.4	198	+2.45	120
335	North Florida	ASun	7-25	-17.58	107.1	219	124.7	363	70.4	34	-.029	269	-3.17	229	108.5	224	111.6	251	+8.13	33
336	Fairleigh Dickinson	NEC	11-21	-17.65	101.1	313	118.7	334	63.9	339	-.006	204	-8.25	330	103.8	340	112.0	272	+5.60	67
337	Army	PL	11-21	-18.44	100.4	323	118.8	335	67.1	195	+.044	66	-7.51	315	106.0	297	113.5	339	-1.63	239
338	Niagara	MAAC	8-22	-18.50	99.8	327	118.3	331	62.1	365	-.038	293	-7.91	325	104.3	328	112.2	279	-3.62	286
339	Southern Indiana	OVC	7-23	-18.63	95.8	354	114.4	279	67.6	169	-.105	362	-7.93	326	104.0	334	111.9	267	-1.32	229
340	UTSA	Amer	5-25	-18.69	99.8	326	118.5	333	68.6	112	-.001	186	+1.74	119	110.4	123	108.7	141	+2.08	131
341	Jackson St.	SWAC	11-20	-19.16	100.9	317	120.1	348	69.4	74	+.097	16	-5.59	286	105.9	299	111.5	239	+13.66	7
342	North Alabama	ASun	9-21	-19.25	99.8	329	119.0	338	64.9	313	+.057	52	-4.41	260	109.2	178	113.6	341	+2.30	126
343	Canisius	MAAC	10-21	-19.27	95.5	355	114.8	284	64.2	333	+.019	132	-7.60	316	104.7	313	112.3	288	-3.21	280
344	Air Force	MWC	3-28	-19.51	96.5	350	116.1	303	66.2	249	-.002	191	+5.22	93	112.5	89	107.3	99	-4.47	300
345	Chicago St.	NEC	7-25	-19.61	99.7	332	119.3	340	65.4	292	-.032	278	-4.30	258	106.0	298	110.3	194	+11.08	16
346	The Citadel	SC	11-22	-20.19	101.0	315	121.2	352	64.4	330	+.028	115	-5.24	275	108.3	233	113.6	342	-1.37	233
347	Alcorn St.	SWAC	9-22	-20.27	97.0	348	117.3	319	67.4	180	+.047	64	-4.85	267	106.1	296	110.9	220	+13.18	8
348	Maine	AE	8-24	-20.29	91.8	363	112.1	228	64.8	318	-.031	275	-8.82	343	104.4	327	113.2	325	-1.00	222
349	Maryland Eastern Shore	MEAC	9-22	-20.37	94.7	358	115.1	290	63.1	356	-.046	306	-8.35	333	104.3	329	112.7	303	+5.47	69
350	New Hampshire	AE	9-21	-20.70	95.5	356	116.2	305	67.5	175	-.002	192	-7.74	322	104.7	314	112.4	294	+5.73	64
351	Louisiana Monroe	SB	4-28	-21.07	101.4	309	122.5	360	70.2	38	-.099	358	-3.41	237	107.0	279	110.4	201	-1.08	224
352	Morgan St.	MEAC	14-15	-21.24	100.2	324	121.5	353	70.8	25	+.118	8	-11.83	362	101.4	363	113.2	326	-1.32	231
353	North Carolina Central	MEAC	12-17	-21.93	99.6	334	121.5	354	66.4	234	+.058	48	-8.89	344	103.5	348	112.4	289	+9.49	22
354	Saint Francis	NEC	7-24	-22.31	99.8	328	122.1	357	70.0	51	-.025	256	-6.53	297	105.3	306	111.8	264	+7.56	41
355	Bryant	AE	9-22	-22.98	96.8	349	119.8	343	64.2	334	+.009	160	-7.61	317	104.0	335	111.6	250	+2.79	116
356	South Carolina St.	MEAC	9-21	-24.11	95.3	357	119.4	341	68.2	131	+.022	127	-8.38	335	104.4	321	112.8	307	+3.73	100
357	Rider	MAAC	4-25	-24.46	95.9	352	120.3	349	65.8	268	-.024	250	-4.70	265	106.1	295	110.8	213	+11.15	15
358	Kansas City	Sum	4-27	-25.11	92.4	361	117.5	322	69.8	56	-.017	230	-1.28	189	110.4	121	111.7	256	+6.25	53
359	Binghamton	AE	8-23	-25.51	97.8	343	123.4	361	65.3	295	-.019	234	-11.97	363	102.1	361	114.0	348	-7.97	348
360	VMI	SC	6-26	-26.22	98.9	338	125.1	364	66.8	215	-.011	219	-5.33	277	108.8	205	114.1	352	-1.65	240
Strength of Schedule	NCSOS
Rk	Team	Conf	W-L	NetRtg	ORtg	DRtg	AdjT	Luck	NetRtg	ORtg	DRtg	NetRtg
361	Gardner Webb	BSth	4-29	-26.36	95.9	353	122.2	359	69.2	82	-.001	189	-0.86	179	109.1	186	109.9	181	+5.77	63
362	Delaware St.	MEAC	7-22	-27.47	87.9	365	115.3	296	65.8	270	-.024	252	-10.32	353	103.0	355	113.3	334	+2.03	132
363	Coppin St.	MEAC	7-24	-27.61	92.4	360	120.0	346	68.0	138	+.037	95	-7.26	311	104.8	312	112.0	271	+3.59	103
364	Western Illinois	OVC	5-26	-28.51	93.1	359	121.6	355	66.6	224	-.052	314	-7.39	314	103.9	336	111.3	234	-1.44	234
365	Mississippi Valley St.	SWAC	3-30	-31.46	90.4	364	121.9	356	66.9	206	-.026	258	-6.89	305	105.4	305	112.3	283	+6.05	56